           1
          11
 rho_tor
  0.100000000000000     
  0.000000000000000E+000  0.100000000000000       0.200000000000000     
  0.300000000000000       0.400000000000000       0.500000000000000     
  0.600000000000000       0.700000000000000       0.800000000000000     
  0.900000000000000        1.00000000000000     
   1.98726021435350        1.94797530529159        1.75181936907131     
   1.47316416115588        1.17291805208230       0.866007841140931     
  0.608091278980649       0.405364066186952       0.243699104118480     
  0.128541451418138       2.479419597569375E-002
   1.98726021435350        1.94797530529159        1.75181936907131     
   1.47316416115588        1.17291805208230       0.866007841140931     
  0.608091278980649       0.405364066186952       0.243699104118480     
  0.128541451418138       2.479419597569375E-002
   65165029257585.7        64085515518737.9        62297218248335.3     
   58958034729128.5        55399467565663.2        52388019227596.9     
   50449002281304.5        47423408710617.2        45359425551646.6     
   41221298602934.7        14568591907863.2     
  0.000000000000000E+000  0.000000000000000E+000  0.000000000000000E+000
  0.000000000000000E+000  0.000000000000000E+000  0.000000000000000E+000
  0.000000000000000E+000  0.000000000000000E+000  0.000000000000000E+000
  0.000000000000000E+000  0.000000000000000E+000
   1.50000000000000        1.50000000000000        1.50000000000000     
   1.50000000000000        1.50000000000000        1.50000000000000     
   1.50000000000000        1.50000000000000        1.50000000000000     
   1.50000000000000        1.50000000000000     
  0.000000000000000E+000
  0.000000000000000E+000
  0.000000000000000E+000
  0.000000000000000E+000
  0.000000000000000E+000
   1271790.12500000     
   1330739.87500000     
  0.000000000000000E+000
   1724310.00000000     
   1586700.12500000     
  0.000000000000000E+000
  0.000000000000000E+000
  0.000000000000000E+000
  0.000000000000000E+000
   1488420.00000000     
  0.000000000000000E+000
