           1
          11
 rho_tor
  0.100000000000000     
  0.000000000000000E+000  0.100000000000000       0.200000000000000     
  0.300000000000000       0.400000000000000       0.500000000000000     
  0.600000000000000       0.700000000000000       0.800000000000000     
  0.900000000000000        1.00000000000000     
   2.24543994018073        2.19194293966483        1.90577082249177     
   1.51831983283348        1.14762262193433       0.799099153955273     
  0.525193172376985       0.333466475614653       0.202727352609056     
  0.109375358155103       4.304074505533537E-002
   2.24543994018073        2.19194293966483        1.90577082249177     
   1.51831983283348        1.14762262193433       0.799099153955273     
  0.525193172376985       0.333466475614653       0.202727352609056     
  0.109375358155103       4.304074505533538E-002
   42232813861539.4        42066924868884.7        41668639355214.3     
   40562555566243.3        38796024364304.8        37091370120306.2     
   36859274709689.0        37616897273281.6        36166670681217.0     
   30553692884210.1        17790452826408.4     
  0.000000000000000E+000  0.000000000000000E+000  0.000000000000000E+000
  0.000000000000000E+000  0.000000000000000E+000  0.000000000000000E+000
  0.000000000000000E+000  0.000000000000000E+000  0.000000000000000E+000
  0.000000000000000E+000  0.000000000000000E+000
   1.50000000000000        1.50000000000000        1.50000000000000     
   1.50000000000000        1.50000000000000        1.50000000000000     
   1.50000000000000        1.50000000000000        1.50000000000000     
   1.50000000000000        1.50000000000000     
  0.000000000000000E+000
  0.000000000000000E+000
  0.000000000000000E+000
  0.000000000000000E+000
  0.000000000000000E+000
   1271827.49363121     
   1332840.94743349     
  0.000000000000000E+000
  0.000000000000000E+000
  0.000000000000000E+000
  0.000000000000000E+000
  0.000000000000000E+000
  0.000000000000000E+000
  0.000000000000000E+000
   1408519.97271882     
  0.000000000000000E+000
