           1
          11
 rho_tor
  0.100000000000000     
  0.000000000000000E+000  0.100000000000000       0.200000000000000     
  0.300000000000000       0.400000000000000       0.500000000000000     
  0.600000000000000       0.700000000000000       0.800000000000000     
  0.900000000000000        1.00000000000000     
   1.97297924423726        1.93425522584541        1.74010306728117     
   1.46267303323429        1.16172415069189       0.852618706675019     
  0.593422406571511       0.395060941564869       0.240784394968903     
  0.130897669732436       3.111297158640806E-002
   1.97297924423726        1.93425522584541        1.74010306728117     
   1.46267303323429        1.16172415069189       0.852618706675019     
  0.593422406571511       0.395060941564869       0.240784394968903     
  0.130897669732436       3.111297158640806E-002
   64369705660703.7        63394600915688.5        61867226093529.4     
   58879405468787.1        55309391709259.3        51889557260065.9     
   50672981986428.5        49292293005550.5        47734253756579.9     
   43597871281861.0        14828064729185.1     
  0.000000000000000E+000  0.000000000000000E+000  0.000000000000000E+000
  0.000000000000000E+000  0.000000000000000E+000  0.000000000000000E+000
  0.000000000000000E+000  0.000000000000000E+000  0.000000000000000E+000
  0.000000000000000E+000  0.000000000000000E+000
   1.50000000000000        1.50000000000000        1.50000000000000     
   1.50000000000000        1.50000000000000        1.50000000000000     
   1.50000000000000        1.50000000000000        1.50000000000000     
   1.50000000000000        1.50000000000000     
  0.000000000000000E+000
  0.000000000000000E+000
  0.000000000000000E+000
  0.000000000000000E+000
  0.000000000000000E+000
   1267736.85171104     
   1326686.85171104     
  0.000000000000000E+000
   1720216.19771879     
   1586700.12500000     
  0.000000000000000E+000
  0.000000000000000E+000
  0.000000000000000E+000
  0.000000000000000E+000
   1484429.26996176     
  0.000000000000000E+000
