           1
          11
 rho_tor
  0.100000000000000     
  0.000000000000000E+000  0.100000000000000       0.200000000000000     
  0.300000000000000       0.400000000000000       0.500000000000000     
  0.600000000000000       0.700000000000000       0.800000000000000     
  0.900000000000000        1.00000000000000     
   2.15419501350220        2.10376786034999        1.83094680523934     
   1.45918654558917        1.10162381904068       0.766954511745861     
  0.503250075390719       0.314668436000541       0.183628062549819     
  8.995642839545917E-002  2.000000000000000E-002
   2.15419501350220        2.10376786034999        1.83094680523934     
   1.45918654558917        1.10162381904068       0.766954511745861     
  0.503250075390719       0.314668436000541       0.183628062549819     
  8.995642839545917E-002  2.000000000000000E-002
   44524390990672.5        44034416153669.4        43126320809434.2     
   41470977831770.3        39742485195323.4        38475389502822.7     
   37864609847693.4        37727266624532.2        36218015526855.5     
   30447987006309.2        16382619802405.9     
  0.000000000000000E+000  0.000000000000000E+000  0.000000000000000E+000
  0.000000000000000E+000  0.000000000000000E+000  0.000000000000000E+000
  0.000000000000000E+000  0.000000000000000E+000  0.000000000000000E+000
  0.000000000000000E+000  0.000000000000000E+000
   1.50000000000000        1.50000000000000        1.50000000000000     
   1.50000000000000        1.50000000000000        1.50000000000000     
   1.50000000000000        1.50000000000000        1.50000000000000     
   1.50000000000000        1.50000000000000     
  0.000000000000000E+000
  0.000000000000000E+000
   1044720.00000000     
   1008720.00000000     
  0.000000000000000E+000
   1269809.87500000     
   1330739.87500000     
  0.000000000000000E+000
  0.000000000000000E+000
  0.000000000000000E+000
  0.000000000000000E+000
  0.000000000000000E+000
  0.000000000000000E+000
  0.000000000000000E+000
   1488420.00000000     
  0.000000000000000E+000
