           1
          11
 rho_tor
  0.100000000000000     
  0.000000000000000E+000  0.100000000000000       0.200000000000000     
  0.300000000000000       0.400000000000000       0.500000000000000     
  0.600000000000000       0.700000000000000       0.800000000000000     
  0.900000000000000        1.00000000000000     
   2.13185410409521        2.10193209917805        1.93257120572477     
   1.66557835690032        1.35878170581591        1.03408898106728     
  0.744573093929969       0.505138187291406       0.311132948144422     
  0.176798989380330       3.758717979505653E-002
   2.13185410409521        2.10193209917805        1.93257120572477     
   1.66557835690032        1.35878170581591        1.03408898106728     
  0.744573093929969       0.505138187291406       0.311132948144422     
  0.176798989380330       3.758717979505654E-002
   68491443046564.8        67668073111240.8        66378395628818.8     
   63412902604202.1        59304390251185.5        54784781052428.0     
   51603788132909.7        49301032233718.0        48980171044321.1     
   46947199692103.0        12343114992409.8     
  0.000000000000000E+000  0.000000000000000E+000  0.000000000000000E+000
  0.000000000000000E+000  0.000000000000000E+000  0.000000000000000E+000
  0.000000000000000E+000  0.000000000000000E+000  0.000000000000000E+000
  0.000000000000000E+000  0.000000000000000E+000
   1.50000000000000        1.50000000000000        1.50000000000000     
   1.50000000000000        1.50000000000000        1.50000000000000     
   1.50000000000000        1.50000000000000        1.50000000000000     
   1.50000000000000        1.50000000000000     
  0.000000000000000E+000
  0.000000000000000E+000
   1074339.03441065     
   1032405.05693918     
  0.000000000000000E+000
   1263631.20893539     
  0.000000000000000E+000
  0.000000000000000E+000
   1705903.66520917     
   1580539.96216735     
   1784833.80247152     
   1810576.81368826     
  0.000000000000000E+000
  0.000000000000000E+000
   1418847.94695834     
  0.000000000000000E+000
