           1
          11
 rho_tor
  0.100000000000000     
  0.000000000000000E+000  0.100000000000000       0.200000000000000     
  0.300000000000000       0.400000000000000       0.500000000000000     
  0.600000000000000       0.700000000000000       0.800000000000000     
  0.900000000000000        1.00000000000000     
   1.96717099303911        1.92886113574213        1.73668120344693     
   1.46245725426251        1.16553072794276       0.861695650730079     
  0.604847553529395       0.402469666355319       0.242100482530683     
  0.129246176883492       2.000000000000000E-002
   1.96717099303911        1.92886113574213        1.73668120344693     
   1.46245725426251        1.16553072794276       0.861695650730079     
  0.604847553529395       0.402469666355319       0.242100482530683     
  0.129246176883492       2.000000000000000E-002
   64593525924723.4        63549526299645.9        61884444457818.4     
   58734022410330.4        55090693325749.1        51476966405062.1     
   49245366536886.5        46475718809563.1        44964814086626.3     
   40981731388801.9        12668765295306.5     
  0.000000000000000E+000  0.000000000000000E+000  0.000000000000000E+000
  0.000000000000000E+000  0.000000000000000E+000  0.000000000000000E+000
  0.000000000000000E+000  0.000000000000000E+000  0.000000000000000E+000
  0.000000000000000E+000  0.000000000000000E+000
   1.50000000000000        1.50000000000000        1.50000000000000     
   1.50000000000000        1.50000000000000        1.50000000000000     
   1.50000000000000        1.50000000000000        1.50000000000000     
   1.50000000000000        1.50000000000000     
  0.000000000000000E+000
  0.000000000000000E+000
  0.000000000000000E+000
  0.000000000000000E+000
  0.000000000000000E+000
   1267740.00000000     
   1326690.00000000     
  0.000000000000000E+000
   1722240.00000000     
   1586700.12500000     
  0.000000000000000E+000
  0.000000000000000E+000
  0.000000000000000E+000
  0.000000000000000E+000
   1484370.00000000     
  0.000000000000000E+000
