           1
          11
 rho_tor
  0.100000000000000     
  0.000000000000000E+000  0.100000000000000       0.200000000000000     
  0.300000000000000       0.400000000000000       0.500000000000000     
  0.600000000000000       0.700000000000000       0.800000000000000     
  0.900000000000000        1.00000000000000     
   2.12949529463992        2.10115074326303        1.93705442796321     
   1.67315412260829        1.36352402935855        1.03426007457968     
  0.743712465469604       0.506122879321068       0.310087093550521     
  0.173389777270086       2.000000000000000E-002
   2.12949529463992        2.10115074326303        1.93705442796321     
   1.67315412260829        1.36352402935855        1.03426007457968     
  0.743712465469604       0.506122879321068       0.310087093550521     
  0.173389777270086       2.000000000000000E-002
   71970701870245.3        70501609830294.1        68367606823460.0     
   64149465029867.6        59393675352594.7        55130575886252.1     
   53029823226731.9        50685673073684.5        49136234420736.7     
   47437498258196.6        10643154187459.7     
  0.000000000000000E+000  0.000000000000000E+000  0.000000000000000E+000
  0.000000000000000E+000  0.000000000000000E+000  0.000000000000000E+000
  0.000000000000000E+000  0.000000000000000E+000  0.000000000000000E+000
  0.000000000000000E+000  0.000000000000000E+000
   1.50000000000000        1.50000000000000        1.50000000000000     
   1.50000000000000        1.50000000000000        1.50000000000000     
   1.50000000000000        1.50000000000000        1.50000000000000     
   1.50000000000000        1.50000000000000     
  0.000000000000000E+000
  0.000000000000000E+000
   1068469.41984737     
   1030413.08540075     
  0.000000000000000E+000
   1261637.17547704     
  0.000000000000000E+000
  0.000000000000000E+000
   1695612.50372133     
   1578530.46078237     
   1791031.45324416     
   1804419.41221371     
  0.000000000000000E+000
  0.000000000000000E+000
   1482342.32061053     
  0.000000000000000E+000
