           1
          11
 rho_tor
  0.100000000000000     
  0.000000000000000E+000  0.100000000000000       0.200000000000000     
  0.300000000000000       0.400000000000000       0.500000000000000     
  0.600000000000000       0.700000000000000       0.800000000000000     
  0.900000000000000        1.00000000000000     
   2.21840577504776        2.16832879468415        1.89848575189065     
   1.52710731741761        1.16440623159769       0.818846344539874     
  0.545261063403327       0.348788457446120       0.209439963045515     
  0.108042203741823       2.617469507269543E-002
   2.21840577504776        2.16832879468415        1.89848575189065     
   1.52710731741761        1.16440623159769       0.818846344539874     
  0.545261063403327       0.348788457446120       0.209439963045515     
  0.108042203741823       2.617469507269544E-002
   42967635063329.7        42614090778071.0        41905843586381.6     
   40450210027313.7        38738549733682.8        37427813902411.4     
   37115033343333.6        37077338876861.0        35762613917344.3     
   29803213549849.5        14902339770292.0     
  0.000000000000000E+000  0.000000000000000E+000  0.000000000000000E+000
  0.000000000000000E+000  0.000000000000000E+000  0.000000000000000E+000
  0.000000000000000E+000  0.000000000000000E+000  0.000000000000000E+000
  0.000000000000000E+000  0.000000000000000E+000
   1.50000000000000        1.50000000000000        1.50000000000000     
   1.50000000000000        1.50000000000000        1.50000000000000     
   1.50000000000000        1.50000000000000        1.50000000000000     
   1.50000000000000        1.50000000000000     
  0.000000000000000E+000
  0.000000000000000E+000
  0.000000000000000E+000
  0.000000000000000E+000
  0.000000000000000E+000
   1243177.83206104     
   1324624.67166029     
  0.000000000000000E+000
  0.000000000000000E+000
  0.000000000000000E+000
  0.000000000000000E+000
  0.000000000000000E+000
  0.000000000000000E+000
  0.000000000000000E+000
   1480278.57261432     
  0.000000000000000E+000
