           1
          11
 rho_tor
  0.100000000000000     
  0.000000000000000E+000  0.100000000000000       0.200000000000000     
  0.300000000000000       0.400000000000000       0.500000000000000     
  0.600000000000000       0.700000000000000       0.800000000000000     
  0.900000000000000        1.00000000000000     
   1.87895730671307        1.84511393869036        1.67053513935775     
   1.40880326181321        1.11958206105491       0.828175622288722     
  0.582009218933975       0.386869747400058       0.236337359270552     
  0.131537309040725       4.123860811469011E-002
   1.87895730671307        1.84511393869036        1.67053513935776     
   1.40880326181321        1.11958206105491       0.828175622288722     
  0.582009218933975       0.386869747400058       0.236337359270552     
  0.131537309040725       4.123860811469012E-002
   67157860572394.5        66218702013332.1        64765224070911.9     
   61987860505967.5        58838083916531.6        55810183558833.3     
   54078741898095.3        53105866592542.0        54195554962992.8     
   51851918038492.6        20835482537718.5     
  0.000000000000000E+000  0.000000000000000E+000  0.000000000000000E+000
  0.000000000000000E+000  0.000000000000000E+000  0.000000000000000E+000
  0.000000000000000E+000  0.000000000000000E+000  0.000000000000000E+000
  0.000000000000000E+000  0.000000000000000E+000
   1.50000000000000        1.50000000000000        1.50000000000000     
   1.50000000000000        1.50000000000000        1.50000000000000     
   1.50000000000000        1.50000000000000        1.50000000000000     
   1.50000000000000        1.50000000000000     
  0.000000000000000E+000
  0.000000000000000E+000
   1076277.01140697     
   1032386.98868822     
  0.000000000000000E+000
   1265676.29638781     
  0.000000000000000E+000
  0.000000000000000E+000
  0.000000000000000E+000
  0.000000000000000E+000
   1778716.93849792     
   1818695.08745256     
  0.000000000000000E+000
  0.000000000000000E+000
   1470044.87433432     
  0.000000000000000E+000
