           1
          11
 rho_tor
  0.100000000000000     
  0.000000000000000E+000  0.100000000000000       0.200000000000000     
  0.300000000000000       0.400000000000000       0.500000000000000     
  0.600000000000000       0.700000000000000       0.800000000000000     
  0.900000000000000        1.00000000000000     
   2.02293501622603        1.96479519225881        1.65416636382150     
   1.25050320356858       0.889770453704188       0.567151684591996     
  0.339006737103925       0.206810768837621       0.128691197547444     
  8.089473309631615E-002  4.429073185062207E-002
   2.02293501622603        1.96479519225880        1.65416636382150     
   1.25050320356858       0.889770453704188       0.567151684591996     
  0.339006737103925       0.206810768837621       0.128691197547444     
  8.089473309631615E-002  4.429073185062207E-002
   39404193313532.5        40245166973538.4        41400872230894.8     
   41643635082131.0        39436649969069.4        36723276693953.7     
   37706888806924.1        37063006463127.6        34087808656473.7     
   27300710568937.8        11809164539346.4     
  0.000000000000000E+000  0.000000000000000E+000  0.000000000000000E+000
  0.000000000000000E+000  0.000000000000000E+000  0.000000000000000E+000
  0.000000000000000E+000  0.000000000000000E+000  0.000000000000000E+000
  0.000000000000000E+000  0.000000000000000E+000
   1.50000000000000        1.50000000000000        1.50000000000000     
   1.50000000000000        1.50000000000000        1.50000000000000     
   1.50000000000000        1.50000000000000        1.50000000000000     
   1.50000000000000        1.50000000000000     
  0.000000000000000E+000
  0.000000000000000E+000
  0.000000000000000E+000
  0.000000000000000E+000
  0.000000000000000E+000
  0.000000000000000E+000
  0.000000000000000E+000
  0.000000000000000E+000
  0.000000000000000E+000
  0.000000000000000E+000
  0.000000000000000E+000
  0.000000000000000E+000
  0.000000000000000E+000
  0.000000000000000E+000
  0.000000000000000E+000
  0.000000000000000E+000
