           1
          11
 rho_tor
  0.100000000000000     
  0.000000000000000E+000  0.100000000000000       0.200000000000000     
  0.300000000000000       0.400000000000000       0.500000000000000     
  0.600000000000000       0.700000000000000       0.800000000000000     
  0.900000000000000        1.00000000000000     
   1.30759787320612        1.29618853411267        1.22001894274735     
   1.07580047890511       0.882410577666391       0.681436792188719     
  0.498196060499752       0.339202003923089       0.212216677541605     
  0.113469566749534       2.000000000000000E-002
   1.30759787320612        1.29618853411267        1.22001894274735     
   1.07580047890511       0.882410577666391       0.681436792188719     
  0.498196060499752       0.339202003923089       0.212216677541605     
  0.113469566749534       2.000000000000000E-002
   28059104926960.1        27549532392358.0        26724698888377.6     
   25261264712594.5        24130988254466.3        24020060926958.4     
   24040184184885.0        23980928151969.7        23605178631110.9     
   19602442124274.5        7553275029324.72     
  0.000000000000000E+000  0.000000000000000E+000  0.000000000000000E+000
  0.000000000000000E+000  0.000000000000000E+000  0.000000000000000E+000
  0.000000000000000E+000  0.000000000000000E+000  0.000000000000000E+000
  0.000000000000000E+000  0.000000000000000E+000
   1.50000000000000        1.50000000000000        1.50000000000000     
   1.50000000000000        1.50000000000000        1.50000000000000     
   1.50000000000000        1.50000000000000        1.50000000000000     
   1.50000000000000        1.50000000000000     
  0.000000000000000E+000
  0.000000000000000E+000
  0.000000000000000E+000
  0.000000000000000E+000
  0.000000000000000E+000
  0.000000000000000E+000
  0.000000000000000E+000
  0.000000000000000E+000
  0.000000000000000E+000
  0.000000000000000E+000
  0.000000000000000E+000
  0.000000000000000E+000
  0.000000000000000E+000
  0.000000000000000E+000
  0.000000000000000E+000
  0.000000000000000E+000
