           1
          11
 rho_tor
  0.100000000000000     
  0.000000000000000E+000  0.100000000000000       0.200000000000000     
  0.300000000000000       0.400000000000000       0.500000000000000     
  0.600000000000000       0.700000000000000       0.800000000000000     
  0.900000000000000        1.00000000000000     
   1.35216122000541        1.34004389319389        1.26211595148358     
   1.11473638180494       0.913133577614628       0.702498441495873     
  0.510440199919283       0.345858552273705       0.217064828414250     
  0.118066007296745       2.635251794122447E-002
   1.35216122000541        1.34004389319389        1.26211595148359     
   1.11473638180494       0.913133577614628       0.702498441495873     
  0.510440199919283       0.345858552273705       0.217064828414250     
  0.118066007296745       2.635251794122447E-002
   29197529400183.8        28843020722556.6        28224849150295.8     
   26994066311984.9        25727306805477.6        25011187486509.7     
   24615861205892.5        24668726721737.3        24478340606903.0     
   20388372904554.5        8548994816058.87     
  0.000000000000000E+000  0.000000000000000E+000  0.000000000000000E+000
  0.000000000000000E+000  0.000000000000000E+000  0.000000000000000E+000
  0.000000000000000E+000  0.000000000000000E+000  0.000000000000000E+000
  0.000000000000000E+000  0.000000000000000E+000
   1.50000000000000        1.50000000000000        1.50000000000000     
   1.50000000000000        1.50000000000000        1.50000000000000     
   1.50000000000000        1.50000000000000        1.50000000000000     
   1.50000000000000        1.50000000000000     
  0.000000000000000E+000
  0.000000000000000E+000
  0.000000000000000E+000
  0.000000000000000E+000
  0.000000000000000E+000
  0.000000000000000E+000
  0.000000000000000E+000
  0.000000000000000E+000
  0.000000000000000E+000
  0.000000000000000E+000
  0.000000000000000E+000
  0.000000000000000E+000
  0.000000000000000E+000
  0.000000000000000E+000
  0.000000000000000E+000
  0.000000000000000E+000
