           1
          11
 rho_tor
  0.100000000000000     
  0.000000000000000E+000  0.100000000000000       0.200000000000000     
  0.300000000000000       0.400000000000000       0.500000000000000     
  0.600000000000000       0.700000000000000       0.800000000000000     
  0.900000000000000        1.00000000000000     
   2.00376484762653        1.96398074113680        1.76500773214683     
   1.48521028477500        1.18810734707812       0.880694210223062     
  0.620762401950870       0.425956458148685       0.280278381709379     
  0.177837646148118       8.940633303603210E-002
   2.00376484762653        1.96398074113680        1.76500773214683     
   1.48521028477500        1.18810734707812       0.880694210223062     
  0.620762401950870       0.425956458148685       0.280278381709379     
  0.177837646148118       8.940633303603211E-002
   62417597550968.3        61839090311380.0        60848297987573.5     
   58413953775119.3        54728146154122.9        50626326630426.4     
   49480004601686.8        49390601143694.1        48512671003076.7     
   43102739772035.4        16605520034152.4     
  0.000000000000000E+000  0.000000000000000E+000  0.000000000000000E+000
  0.000000000000000E+000  0.000000000000000E+000  0.000000000000000E+000
  0.000000000000000E+000  0.000000000000000E+000  0.000000000000000E+000
  0.000000000000000E+000  0.000000000000000E+000
   1.50000000000000        1.50000000000000        1.50000000000000     
   1.50000000000000        1.50000000000000        1.50000000000000     
   1.50000000000000        1.50000000000000        1.50000000000000     
   1.50000000000000        1.50000000000000     
  0.000000000000000E+000
  0.000000000000000E+000
  0.000000000000000E+000
  0.000000000000000E+000
  0.000000000000000E+000
   1271810.46078256     
   1328788.09923680     
  0.000000000000000E+000
   1726390.99236647     
   1588809.16040098     
  0.000000000000000E+000
  0.000000000000000E+000
  0.000000000000000E+000
  0.000000000000000E+000
   1490562.19360727     
  0.000000000000000E+000
