           1
          11
 rho_tor
  0.100000000000000     
  0.000000000000000E+000  0.100000000000000       0.200000000000000     
  0.300000000000000       0.400000000000000       0.500000000000000     
  0.600000000000000       0.700000000000000       0.800000000000000     
  0.900000000000000        1.00000000000000     
   2.12177018117940        2.07581783925506        1.82337903982600     
   1.47057012970645        1.12095720956442       0.787787763316890     
  0.525460286629109       0.333245293247366       0.191017874232986     
  9.559838838751654E-002  2.000000000000000E-002
   2.12177018117940        2.07581783925506        1.82337903982600     
   1.47057012970645        1.12095720956442       0.787787763316890     
  0.525460286629109       0.333245293247366       0.191017874232986     
  9.559838838751654E-002  2.000000000000000E-002
   54741550581298.3        54311605077354.1        53694603380574.2     
   52817592438767.0        52354863589198.8        52784873307777.3     
   54448277206619.9        55217736172247.7        56839495260166.0     
   56439303857156.4        24355128625098.2     
  0.000000000000000E+000  0.000000000000000E+000  0.000000000000000E+000
  0.000000000000000E+000  0.000000000000000E+000  0.000000000000000E+000
  0.000000000000000E+000  0.000000000000000E+000  0.000000000000000E+000
  0.000000000000000E+000  0.000000000000000E+000
   1.50000000000000        1.50000000000000        1.50000000000000     
   1.50000000000000        1.50000000000000        1.50000000000000     
   1.50000000000000        1.50000000000000        1.50000000000000     
   1.50000000000000        1.50000000000000     
  0.000000000000000E+000
  0.000000000000000E+000
  0.000000000000000E+000
  0.000000000000000E+000
  0.000000000000000E+000
   1273906.67680613     
   1330795.85998104     
  0.000000000000000E+000
   1722265.04942968     
   1588841.72623581     
  0.000000000000000E+000
  0.000000000000000E+000
  0.000000000000000E+000
  0.000000000000000E+000
   1486496.99952485     
  0.000000000000000E+000
