           1
          11
 rho_tor
  0.100000000000000     
  0.000000000000000E+000  0.100000000000000       0.200000000000000     
  0.300000000000000       0.400000000000000       0.500000000000000     
  0.600000000000000       0.700000000000000       0.800000000000000     
  0.900000000000000        1.00000000000000     
   1.51062382032544        1.49583330920547        1.40357792249421     
   1.22282637179434       0.976294565087803       0.720957696944537     
  0.496404120902696       0.320604031180066       0.191573591172890     
  0.100552133928628       2.000000000000000E-002
   1.51062382032544        1.49583330920547        1.40357792249421     
   1.22282637179434       0.976294565087803       0.720957696944537     
  0.496404120902696       0.320604031180066       0.191573591172890     
  0.100552133928628       2.000000000000000E-002
   30935607335864.7        30821728783643.5        30537250861481.2     
   29692627707431.4        28348441702400.9        27073038909774.2     
   26920641891785.3        27272382194408.6        26610075610203.3     
   23302002924562.7        8890120816516.23     
  0.000000000000000E+000  0.000000000000000E+000  0.000000000000000E+000
  0.000000000000000E+000  0.000000000000000E+000  0.000000000000000E+000
  0.000000000000000E+000  0.000000000000000E+000  0.000000000000000E+000
  0.000000000000000E+000  0.000000000000000E+000
   1.50000000000000        1.50000000000000        1.50000000000000     
   1.50000000000000        1.50000000000000        1.50000000000000     
   1.50000000000000        1.50000000000000        1.50000000000000     
   1.50000000000000        1.50000000000000     
  0.000000000000000E+000
  0.000000000000000E+000
  0.000000000000000E+000
  0.000000000000000E+000
  0.000000000000000E+000
  0.000000000000000E+000
  0.000000000000000E+000
  0.000000000000000E+000
  0.000000000000000E+000
  0.000000000000000E+000
  0.000000000000000E+000
  0.000000000000000E+000
  0.000000000000000E+000
  0.000000000000000E+000
  0.000000000000000E+000
  0.000000000000000E+000
