           1
          11
 rho_tor
  0.100000000000000     
  0.000000000000000E+000  0.100000000000000       0.200000000000000     
  0.300000000000000       0.400000000000000       0.500000000000000     
  0.600000000000000       0.700000000000000       0.800000000000000     
  0.900000000000000        1.00000000000000     
   23.2003321423940        21.5998118887055        13.3200487173672     
   6.59520944032189        3.62108700621724        1.91722166967517     
  0.859710263023562       0.293822007823677       5.247970391832629E-002
  1.571084303445746E-002  0.120000000000000     
   23.2003321423940        21.5998118887055        13.3200487173672     
   6.59520944032189        3.62108700621724        1.91722166967517     
  0.859710263023562       0.293822007823677       5.247970391832629E-002
  1.571084303445746E-002  0.120000000000000     
   9992057655498.25        9995387355727.94        9999088151157.39     
   10008682384431.9        9996126357590.30        9982151980628.43     
   10012178268397.6        10036359086808.9        9881664345608.63     
   10211340028099.4        9857624177049.26     
  0.000000000000000E+000  0.000000000000000E+000  0.000000000000000E+000
  0.000000000000000E+000  0.000000000000000E+000  0.000000000000000E+000
  0.000000000000000E+000  0.000000000000000E+000  0.000000000000000E+000
  0.000000000000000E+000  0.000000000000000E+000
   1.50000000000000        1.50000000000000        1.50000000000000     
   1.50000000000000        1.50000000000000        1.50000000000000     
   1.50000000000000        1.50000000000000        1.50000000000000     
   1.50000000000000        1.50000000000000     
   1000000.00000000     
   1000000.00000000     
   1000000.00000000     
   1000000.00000000     
  0.000000000000000E+000
  0.000000000000000E+000
  0.000000000000000E+000
  0.000000000000000E+000
  0.000000000000000E+000
  0.000000000000000E+000
  0.000000000000000E+000
  0.000000000000000E+000
  0.000000000000000E+000
  0.000000000000000E+000
  0.000000000000000E+000
  0.000000000000000E+000
