           1
          11
 rho_tor
  0.100000000000000     
  0.000000000000000E+000  0.100000000000000       0.200000000000000     
  0.300000000000000       0.400000000000000       0.500000000000000     
  0.600000000000000       0.700000000000000       0.800000000000000     
  0.900000000000000        1.00000000000000     
   2.23259287185099        2.17824882315499        1.89049555226709     
   1.50583952444786        1.13933181148194       0.793811648926000     
  0.522125863862365       0.331835112910620       0.202882042629482     
  0.112693838091382       4.310970333974712E-002
   2.23259287185099        2.17824882315499        1.89049555226709     
   1.50583952444786        1.13933181148194       0.793811648926000     
  0.522125863862365       0.331835112910620       0.202882042629482     
  0.112693838091382       4.310970333974713E-002
   42709167518277.0        42411748320430.6        41784981528514.9     
   40392266328724.6        38589020322442.9        37087906743003.4     
   36846752233396.5        37492492324050.9        36808447222704.2     
   30927664145779.6        15635928615168.0     
  0.000000000000000E+000  0.000000000000000E+000  0.000000000000000E+000
  0.000000000000000E+000  0.000000000000000E+000  0.000000000000000E+000
  0.000000000000000E+000  0.000000000000000E+000  0.000000000000000E+000
  0.000000000000000E+000  0.000000000000000E+000
   1.50000000000000        1.50000000000000        1.50000000000000     
   1.50000000000000        1.50000000000000        1.50000000000000     
   1.50000000000000        1.50000000000000        1.50000000000000     
   1.50000000000000        1.50000000000000     
  0.000000000000000E+000
  0.000000000000000E+000
  0.000000000000000E+000
  0.000000000000000E+000
  0.000000000000000E+000
   1271805.72937257     
   1332819.18298476     
  0.000000000000000E+000
  0.000000000000000E+000
  0.000000000000000E+000
  0.000000000000000E+000
  0.000000000000000E+000
  0.000000000000000E+000
  0.000000000000000E+000
   1474126.22072204     
  0.000000000000000E+000
