           1
          11
 rho_tor
  0.100000000000000     
  0.000000000000000E+000  0.100000000000000       0.200000000000000     
  0.300000000000000       0.400000000000000       0.500000000000000     
  0.600000000000000       0.700000000000000       0.800000000000000     
  0.900000000000000        1.00000000000000     
   2.43767509136663        2.34751882558937        1.91152932975851     
   1.40382205593534       0.985295998230587       0.624773593966510     
  0.369814539930212       0.222062467144070       0.137185662438860     
  8.830619859814698E-002  5.455665899255849E-002
   2.43767509136663        2.34751882558937        1.91152932975851     
   1.40382205593534       0.985295998230587       0.624773593966510     
  0.369814539930212       0.222062467144070       0.137185662438860     
  8.830619859814698E-002  5.455665899255850E-002
   38779217813224.6        39608110130034.7        40805561317410.4     
   41410704038295.0        39711672460990.0        36996348812799.4     
   37921468383833.1        38736858940735.9        38061992089924.9     
   34206745546489.0        16044389164611.9     
  0.000000000000000E+000  0.000000000000000E+000  0.000000000000000E+000
  0.000000000000000E+000  0.000000000000000E+000  0.000000000000000E+000
  0.000000000000000E+000  0.000000000000000E+000  0.000000000000000E+000
  0.000000000000000E+000  0.000000000000000E+000
   1.50000000000000        1.50000000000000        1.50000000000000     
   1.50000000000000        1.50000000000000        1.50000000000000     
   1.50000000000000        1.50000000000000        1.50000000000000     
   1.50000000000000        1.50000000000000     
  0.000000000000000E+000
  0.000000000000000E+000
  0.000000000000000E+000
  0.000000000000000E+000
  0.000000000000000E+000
  0.000000000000000E+000
  0.000000000000000E+000
  0.000000000000000E+000
  0.000000000000000E+000
  0.000000000000000E+000
  0.000000000000000E+000
  0.000000000000000E+000
  0.000000000000000E+000
  0.000000000000000E+000
  0.000000000000000E+000
  0.000000000000000E+000
