           1
          11
 rho_tor
  0.100000000000000     
  0.000000000000000E+000  0.100000000000000       0.200000000000000     
  0.300000000000000       0.400000000000000       0.500000000000000     
  0.600000000000000       0.700000000000000       0.800000000000000     
  0.900000000000000        1.00000000000000     
   2.95748701840758        2.82339449574742        2.21976664910334     
   1.57311214653655        1.07672466073823       0.665273833186078     
  0.382322967594862       0.220073598800147       0.126833763978530     
  7.298289634288790E-002  3.000803902332096E-002
   2.95748701840758        2.82339449574742        2.21976664910334     
   1.57311214653655        1.07672466073823       0.665273833186078     
  0.382322967594862       0.220073598800147       0.126833763978530     
  7.298289634288790E-002  3.000803902332097E-002
   38280276059347.0        39036289009357.4        40128230519944.5     
   40561971526529.9        38738543247890.7        36195062839394.7     
   37813863888857.3        38871393999551.5        38765874896623.0     
   33868453580739.8        12740779072239.7     
  0.000000000000000E+000  0.000000000000000E+000  0.000000000000000E+000
  0.000000000000000E+000  0.000000000000000E+000  0.000000000000000E+000
  0.000000000000000E+000  0.000000000000000E+000  0.000000000000000E+000
  0.000000000000000E+000  0.000000000000000E+000
   1.50000000000000        1.50000000000000        1.50000000000000     
   1.50000000000000        1.50000000000000        1.50000000000000     
   1.50000000000000        1.50000000000000        1.50000000000000     
   1.50000000000000        1.50000000000000     
  0.000000000000000E+000
  0.000000000000000E+000
  0.000000000000000E+000
  0.000000000000000E+000
  0.000000000000000E+000
  0.000000000000000E+000
  0.000000000000000E+000
  0.000000000000000E+000
  0.000000000000000E+000
  0.000000000000000E+000
  0.000000000000000E+000
  0.000000000000000E+000
  0.000000000000000E+000
  0.000000000000000E+000
  0.000000000000000E+000
  0.000000000000000E+000
