           1
          11
 rho_tor
  0.100000000000000     
  0.000000000000000E+000  0.100000000000000       0.200000000000000     
  0.300000000000000       0.400000000000000       0.500000000000000     
  0.600000000000000       0.700000000000000       0.800000000000000     
  0.900000000000000        1.00000000000000     
   2.32453727008419        2.26902652157443        1.96950537357268     
   1.56701358642387        1.18468284608248       0.823318753707095     
  0.540261879458489       0.344722640266559       0.211794821246969     
  0.117202829741982       4.348699027522949E-002
   2.32453727008418        2.26902652157443        1.96950537357268     
   1.56701358642387        1.18468284608248       0.823318753707095     
  0.540261879458489       0.344722640266559       0.211794821246969     
  0.117202829741982       4.348699027522950E-002
   40244230157217.5        40181925498069.7        39924290223148.7     
   38954207797814.0        37242793402618.1        35652731205398.8     
   35721591878011.2        36425779108654.9        35165648736063.1     
   28972554320954.0        14384064281963.6     
  0.000000000000000E+000  0.000000000000000E+000  0.000000000000000E+000
  0.000000000000000E+000  0.000000000000000E+000  0.000000000000000E+000
  0.000000000000000E+000  0.000000000000000E+000  0.000000000000000E+000
  0.000000000000000E+000  0.000000000000000E+000
   1.50000000000000        1.50000000000000        1.50000000000000     
   1.50000000000000        1.50000000000000        1.50000000000000     
   1.50000000000000        1.50000000000000        1.50000000000000     
   1.50000000000000        1.50000000000000     
  0.000000000000000E+000
  0.000000000000000E+000
  0.000000000000000E+000
  0.000000000000000E+000
  0.000000000000000E+000
   1237050.00000000     
   1306260.00000000     
  0.000000000000000E+000
  0.000000000000000E+000
  0.000000000000000E+000
  0.000000000000000E+000
  0.000000000000000E+000
  0.000000000000000E+000
  0.000000000000000E+000
   1498680.00000000     
  0.000000000000000E+000
