           1
          11
 rho_tor
  0.100000000000000     
  0.000000000000000E+000  0.100000000000000       0.200000000000000     
  0.300000000000000       0.400000000000000       0.500000000000000     
  0.600000000000000       0.700000000000000       0.800000000000000     
  0.900000000000000        1.00000000000000     
   2.13529105803751        2.10545803054405        1.93514414723024     
   1.66596914700258        1.35583211100828        1.02830125910905     
  0.737753364255527       0.500831519363363       0.310004477809102     
  0.178137457629155       3.874144705835959E-002
   2.13529105803751        2.10545803054405        1.93514414723024     
   1.66596914700258        1.35583211100828        1.02830125910905     
  0.737753364255527       0.500831519363363       0.310004477809102     
  0.178137457629155       3.874144705835960E-002
   69302398702188.3        68344668109601.3        66927689799502.7     
   63743459030003.9        59359311773557.5        54486789116791.3     
   51559999841252.6        49832137887970.9        49283861082628.3     
   47407032863000.1        11486668995194.4     
  0.000000000000000E+000  0.000000000000000E+000  0.000000000000000E+000
  0.000000000000000E+000  0.000000000000000E+000  0.000000000000000E+000
  0.000000000000000E+000  0.000000000000000E+000  0.000000000000000E+000
  0.000000000000000E+000  0.000000000000000E+000
   1.50000000000000        1.50000000000000        1.50000000000000     
   1.50000000000000        1.50000000000000        1.50000000000000     
   1.50000000000000        1.50000000000000        1.50000000000000     
   1.50000000000000        1.50000000000000     
  0.000000000000000E+000
  0.000000000000000E+000
   1066481.93155900     
   1030416.08531367     
  0.000000000000000E+000
   1261647.92414438     
  0.000000000000000E+000
  0.000000000000000E+000
   1699665.74125469     
   1582591.33412536     
   1788992.54325072     
   1804422.45627372     
  0.000000000000000E+000
  0.000000000000000E+000
   1484454.18250919     
  0.000000000000000E+000
