           1
          11
 rho_tor
  0.100000000000000     
  0.000000000000000E+000  0.100000000000000       0.200000000000000     
  0.300000000000000       0.400000000000000       0.500000000000000     
  0.600000000000000       0.700000000000000       0.800000000000000     
  0.900000000000000        1.00000000000000     
   2.23978620305714        2.18506573012582        1.89567107519791     
   1.50805847840918        1.13936615753414       0.792539984299263     
  0.520624700451978       0.329451604426401       0.198752390900664     
  0.109173425569258       3.872491750965725E-002
   2.23978620305714        2.18506573012582        1.89567107519791     
   1.50805847840918        1.13936615753414       0.792539984299263     
  0.520624700451978       0.329451604426401       0.198752390900664     
  0.109173425569258       3.872491750965726E-002
   42331183273734.6        42159021976677.1        41753803626988.0     
   40648182788080.8        38973679358624.2        37403403786388.4     
   37189651677453.2        37306485665223.3        36577674666208.2     
   31470797912281.6        14982734266147.4     
  0.000000000000000E+000  0.000000000000000E+000  0.000000000000000E+000
  0.000000000000000E+000  0.000000000000000E+000  0.000000000000000E+000
  0.000000000000000E+000  0.000000000000000E+000  0.000000000000000E+000
  0.000000000000000E+000  0.000000000000000E+000
   1.50000000000000        1.50000000000000        1.50000000000000     
   1.50000000000000        1.50000000000000        1.50000000000000     
   1.50000000000000        1.50000000000000        1.50000000000000     
   1.50000000000000        1.50000000000000     
  0.000000000000000E+000
  0.000000000000000E+000
  0.000000000000000E+000
  0.000000000000000E+000
  0.000000000000000E+000
   1269820.79866408     
   1330746.12690837     
  0.000000000000000E+000
  0.000000000000000E+000
  0.000000000000000E+000
  0.000000000000000E+000
  0.000000000000000E+000
  0.000000000000000E+000
  0.000000000000000E+000
   1465884.76822499     
  0.000000000000000E+000
