           1
          11
 rho_tor
  0.100000000000000     
  0.000000000000000E+000  0.100000000000000       0.200000000000000     
  0.300000000000000       0.400000000000000       0.500000000000000     
  0.600000000000000       0.700000000000000       0.800000000000000     
  0.900000000000000        1.00000000000000     
   2.29737360557619        2.24152150214850        1.94484930460092     
   1.54915870297837        1.17336881318568       0.815673034617297     
  0.535353358596412       0.340904901039131       0.206039930534152     
  0.109800345383196       3.242815320257998E-002
   2.29737360557619        2.24152150214850        1.94484930460092     
   1.54915870297837        1.17336881318568       0.815673034617297     
  0.535353358596412       0.340904901039131       0.206039930534152     
  0.109800345383196       3.242815320257999E-002
   40853350439483.7        40838976339416.8        40675527040640.1     
   39754826979664.1        37856078420682.6        35944121149060.9     
   36103693230065.4        36356704776438.2        34762414043647.2     
   28836592223428.3        13780141255101.8     
  0.000000000000000E+000  0.000000000000000E+000  0.000000000000000E+000
  0.000000000000000E+000  0.000000000000000E+000  0.000000000000000E+000
  0.000000000000000E+000  0.000000000000000E+000  0.000000000000000E+000
  0.000000000000000E+000  0.000000000000000E+000
   1.50000000000000        1.50000000000000        1.50000000000000     
   1.50000000000000        1.50000000000000        1.50000000000000     
   1.50000000000000        1.50000000000000        1.50000000000000     
   1.50000000000000        1.50000000000000     
  0.000000000000000E+000
  0.000000000000000E+000
  0.000000000000000E+000
  0.000000000000000E+000
  0.000000000000000E+000
   1271790.12500000     
   1334880.00000000     
  0.000000000000000E+000
  0.000000000000000E+000
  0.000000000000000E+000
  0.000000000000000E+000
  0.000000000000000E+000
  0.000000000000000E+000
  0.000000000000000E+000
   1484370.00000000     
  0.000000000000000E+000
