           1
          11
 rho_tor
  0.100000000000000     
  0.000000000000000E+000  0.100000000000000       0.200000000000000     
  0.300000000000000       0.400000000000000       0.500000000000000     
  0.600000000000000       0.700000000000000       0.800000000000000     
  0.900000000000000        1.00000000000000     
   1.95832299304841        1.92059258566795        1.72966328888544     
   1.45383720099145        1.15085098700893       0.840604889260378     
  0.582817918773658       0.388387056517341       0.239437535680639     
  0.129636050143262       2.857365227822101E-002
   1.95832299304841        1.92059258566795        1.72966328888544     
   1.45383720099145        1.15085098700893       0.840604889260378     
  0.582817918773658       0.388387056517341       0.239437535680639     
  0.129636050143262       2.857365227822102E-002
   66945116873003.2        65598299368995.3        63572905626741.3     
   59960013795695.5        56193931361141.0        53194961265524.9     
   52719068966513.6        52238556487866.5        49660436220857.1     
   42265189211090.4        16420033471216.0     
  0.000000000000000E+000  0.000000000000000E+000  0.000000000000000E+000
  0.000000000000000E+000  0.000000000000000E+000  0.000000000000000E+000
  0.000000000000000E+000  0.000000000000000E+000  0.000000000000000E+000
  0.000000000000000E+000  0.000000000000000E+000
   1.50000000000000        1.50000000000000        1.50000000000000     
   1.50000000000000        1.50000000000000        1.50000000000000     
   1.50000000000000        1.50000000000000        1.50000000000000     
   1.50000000000000        1.50000000000000     
  0.000000000000000E+000
  0.000000000000000E+000
  0.000000000000000E+000
  0.000000000000000E+000
  0.000000000000000E+000
   1263600.00000000     
   1326690.00000000     
  0.000000000000000E+000
   1720260.00000000     
   1584630.00000000     
  0.000000000000000E+000
  0.000000000000000E+000
  0.000000000000000E+000
  0.000000000000000E+000
   1480230.00000000     
  0.000000000000000E+000
