           1
          11
 rho_tor
  0.100000000000000     
  0.000000000000000E+000  0.100000000000000       0.200000000000000     
  0.300000000000000       0.400000000000000       0.500000000000000     
  0.600000000000000       0.700000000000000       0.800000000000000     
  0.900000000000000        1.00000000000000     
   1.40920296752170        1.39602500728756        1.31357136081919     
   1.15668318890992       0.942065790853223       0.715007215050451     
  0.508653673709456       0.338182305489869       0.205254934617551     
  0.107879232162768       2.000000000000000E-002
   1.40920296752170        1.39602500728756        1.31357136081919     
   1.15668318890992       0.942065790853223       0.715007215050451     
  0.508653673709456       0.338182305489869       0.205254934617551     
  0.107879232162768       2.000000000000000E-002
   29597511292698.1        29378896798886.0        28974724286550.8     
   28026600464330.0        26749727702077.8        25691426856415.9     
   25646023362052.6        25828148146724.9        24767642131780.5     
   21780537072360.3        8050217656891.09     
  0.000000000000000E+000  0.000000000000000E+000  0.000000000000000E+000
  0.000000000000000E+000  0.000000000000000E+000  0.000000000000000E+000
  0.000000000000000E+000  0.000000000000000E+000  0.000000000000000E+000
  0.000000000000000E+000  0.000000000000000E+000
   1.50000000000000        1.50000000000000        1.50000000000000     
   1.50000000000000        1.50000000000000        1.50000000000000     
   1.50000000000000        1.50000000000000        1.50000000000000     
   1.50000000000000        1.50000000000000     
  0.000000000000000E+000
  0.000000000000000E+000
  0.000000000000000E+000
  0.000000000000000E+000
  0.000000000000000E+000
  0.000000000000000E+000
  0.000000000000000E+000
  0.000000000000000E+000
  0.000000000000000E+000
  0.000000000000000E+000
  0.000000000000000E+000
  0.000000000000000E+000
  0.000000000000000E+000
  0.000000000000000E+000
  0.000000000000000E+000
  0.000000000000000E+000
