           1
          11
 rho_tor
  0.100000000000000     
  0.000000000000000E+000  0.100000000000000       0.200000000000000     
  0.300000000000000       0.400000000000000       0.500000000000000     
  0.600000000000000       0.700000000000000       0.800000000000000     
  0.900000000000000        1.00000000000000     
   1.33599889869365        1.32401991051971        1.24671246717049     
   1.10105809667624       0.902766059024421       0.695934070294952     
  0.507493911558635       0.346189950494422       0.220683741699614     
  0.126005415296568       3.995672884593781E-002
   1.33599889869364        1.32401991051971        1.24671246717049     
   1.10105809667624       0.902766059024421       0.695934070294952     
  0.507493911558635       0.346189950494422       0.220683741699614     
  0.126005415296568       3.995672884593782E-002
   28813608695801.3        28436881195387.1        27797351539412.3     
   26560307686466.8        25343698297855.3        24722248447406.6     
   24424866430858.2        24584806766476.6        24597246824737.2     
   20797112488779.6        8777633821489.58     
  0.000000000000000E+000  0.000000000000000E+000  0.000000000000000E+000
  0.000000000000000E+000  0.000000000000000E+000  0.000000000000000E+000
  0.000000000000000E+000  0.000000000000000E+000  0.000000000000000E+000
  0.000000000000000E+000  0.000000000000000E+000
   1.50000000000000        1.50000000000000        1.50000000000000     
   1.50000000000000        1.50000000000000        1.50000000000000     
   1.50000000000000        1.50000000000000        1.50000000000000     
   1.50000000000000        1.50000000000000     
  0.000000000000000E+000
  0.000000000000000E+000
  0.000000000000000E+000
  0.000000000000000E+000
  0.000000000000000E+000
  0.000000000000000E+000
  0.000000000000000E+000
  0.000000000000000E+000
  0.000000000000000E+000
  0.000000000000000E+000
  0.000000000000000E+000
  0.000000000000000E+000
  0.000000000000000E+000
  0.000000000000000E+000
  0.000000000000000E+000
  0.000000000000000E+000
