           1
          11
 rho_tor
  0.100000000000000     
  0.000000000000000E+000  0.100000000000000       0.200000000000000     
  0.300000000000000       0.400000000000000       0.500000000000000     
  0.600000000000000       0.700000000000000       0.800000000000000     
  0.900000000000000        1.00000000000000     
   2.12081470044086        2.09086166059376        1.92164113302086     
   1.65473663748837        1.34842798329643        1.02381605643323     
  0.734724942074195       0.496282585677575       0.301239575203498     
  0.164799706337043       2.498796988006285E-002
   2.12081470044086        2.09086166059376        1.92164113302086     
   1.65473663748837        1.34842798329643        1.02381605643323     
  0.734724942074195       0.496282585677575       0.301239575203498     
  0.164799706337043       2.498796988006286E-002
   68198520283417.8        67416154950319.3        66187793491407.6     
   63360512348660.6        59461276114990.6        55216334670714.4     
   52575914484274.1        50203349109637.2        49130856115742.3     
   46762147883493.2        12828783131397.4     
  0.000000000000000E+000  0.000000000000000E+000  0.000000000000000E+000
  0.000000000000000E+000  0.000000000000000E+000  0.000000000000000E+000
  0.000000000000000E+000  0.000000000000000E+000  0.000000000000000E+000
  0.000000000000000E+000  0.000000000000000E+000
   1.50000000000000        1.50000000000000        1.50000000000000     
   1.50000000000000        1.50000000000000        1.50000000000000     
   1.50000000000000        1.50000000000000        1.50000000000000     
   1.50000000000000        1.50000000000000     
  0.000000000000000E+000
  0.000000000000000E+000
   1074330.00000000     
   1034370.06250000     
  0.000000000000000E+000
   1265670.00000000     
  0.000000000000000E+000
  0.000000000000000E+000
   1709999.87500000     
   1582560.12500000     
   1784790.00000000     
   1814670.12500000     
  0.000000000000000E+000
  0.000000000000000E+000
   1478160.00000000     
  0.000000000000000E+000
