           1
          11
 rho_tor
  0.100000000000000     
  0.000000000000000E+000  0.100000000000000       0.200000000000000     
  0.300000000000000       0.400000000000000       0.500000000000000     
  0.600000000000000       0.700000000000000       0.800000000000000     
  0.900000000000000        1.00000000000000     
   2.14576797769091        2.09416776060064        1.81633995266767     
   1.43713829744866        1.07428359846129       0.737499810320608     
  0.478485501041381       0.301073395838955       0.183392699476962     
  0.102822086597724       3.657248061515836E-002
   2.14576797769091        2.09416776060064        1.81633995266767     
   1.43713829744866        1.07428359846129       0.737499810320608     
  0.478485501041381       0.301073395838955       0.183392699476962     
  0.102822086597724       3.657248061515837E-002
   43473722049731.4        43133770346379.5        42465282660644.1     
   41052077236515.7        39319860458218.0        37980604031284.9     
   37958808322945.1        38359199473461.2        37459838190355.1     
   30950230748762.8        13994818243418.4     
  0.000000000000000E+000  0.000000000000000E+000  0.000000000000000E+000
  0.000000000000000E+000  0.000000000000000E+000  0.000000000000000E+000
  0.000000000000000E+000  0.000000000000000E+000  0.000000000000000E+000
  0.000000000000000E+000  0.000000000000000E+000
   1.50000000000000        1.50000000000000        1.50000000000000     
   1.50000000000000        1.50000000000000        1.50000000000000     
   1.50000000000000        1.50000000000000        1.50000000000000     
   1.50000000000000        1.50000000000000     
  0.000000000000000E+000
  0.000000000000000E+000
  0.000000000000000E+000
  0.000000000000000E+000
  0.000000000000000E+000
   1271793.28530533     
   1330743.03540075     
  0.000000000000000E+000
  0.000000000000000E+000
  0.000000000000000E+000
  0.000000000000000E+000
  0.000000000000000E+000
  0.000000000000000E+000
  0.000000000000000E+000
   1461820.74045786     
  0.000000000000000E+000
