           1
          11
 rho_tor
  0.100000000000000     
  0.000000000000000E+000  0.100000000000000       0.200000000000000     
  0.300000000000000       0.400000000000000       0.500000000000000     
  0.600000000000000       0.700000000000000       0.800000000000000     
  0.900000000000000        1.00000000000000     
   2.30499622160906        2.24911244378924        1.95138158235152     
   1.55361580108271        1.17640711133162       0.818788655928486     
  0.539551981971304       0.346822696063330       0.215733706574230     
  0.125763221589188       4.839448420827266E-002
   2.30499622160906        2.24911244378924        1.95138158235152     
   1.55361580108271        1.17640711133162       0.818788655928486     
  0.539551981971304       0.346822696063330       0.215733706574230     
  0.125763221589188       4.839448420827268E-002
   40581170564911.3        40527571990451.0        40316778379856.4     
   39389646759603.1        37615487470514.5        35866784164658.2     
   36089632815884.9        36384199813020.3        35641104860814.6     
   29657890144669.5        12280332127908.4     
  0.000000000000000E+000  0.000000000000000E+000  0.000000000000000E+000
  0.000000000000000E+000  0.000000000000000E+000  0.000000000000000E+000
  0.000000000000000E+000  0.000000000000000E+000  0.000000000000000E+000
  0.000000000000000E+000  0.000000000000000E+000
   1.50000000000000        1.50000000000000        1.50000000000000     
   1.50000000000000        1.50000000000000        1.50000000000000     
   1.50000000000000        1.50000000000000        1.50000000000000     
   1.50000000000000        1.50000000000000     
  0.000000000000000E+000
  0.000000000000000E+000
  0.000000000000000E+000
  0.000000000000000E+000
  0.000000000000000E+000
   1271830.64192000     
   1334907.92395427     
  0.000000000000000E+000
  0.000000000000000E+000
  0.000000000000000E+000
  0.000000000000000E+000
  0.000000000000000E+000
  0.000000000000000E+000
  0.000000000000000E+000
   1488523.07224296     
  0.000000000000000E+000
