           1
          11
 rho_tor
  0.100000000000000     
  0.000000000000000E+000  0.100000000000000       0.200000000000000     
  0.300000000000000       0.400000000000000       0.500000000000000     
  0.600000000000000       0.700000000000000       0.800000000000000     
  0.900000000000000        1.00000000000000     
   2.07587674714191        2.04968906570810        1.89134634364912     
   1.62954151524672        1.32159574601271        1.00083774050225     
  0.720848502544289       0.492713268259547       0.310121615501120     
  0.177345578037512       5.706610669641300E-002
   2.07587674714191        2.04968906570810        1.89134634364912     
   1.62954151524672        1.32159574601271        1.00083774050225     
  0.720848502544289       0.492713268259547       0.310121615501120     
  0.177345578037512       5.706610669641302E-002
   70025331600090.6        68923367553700.6        67249804984112.9     
   63666337395300.4        59280749652559.3        55105432862734.3     
   52524400884805.7        50858911738935.7        49503347922635.9     
   44450968739089.2        17713498576196.4     
  0.000000000000000E+000  0.000000000000000E+000  0.000000000000000E+000
  0.000000000000000E+000  0.000000000000000E+000  0.000000000000000E+000
  0.000000000000000E+000  0.000000000000000E+000  0.000000000000000E+000
  0.000000000000000E+000  0.000000000000000E+000
   1.50000000000000        1.50000000000000        1.50000000000000     
   1.50000000000000        1.50000000000000        1.50000000000000     
   1.50000000000000        1.50000000000000        1.50000000000000     
   1.50000000000000        1.50000000000000     
  0.000000000000000E+000
  0.000000000000000E+000
   1062561.02290088     
   1028538.00000010     
  0.000000000000000E+000
   1261632.50362602     
  0.000000000000000E+000
  0.000000000000000E+000
   1689437.12977126     
   1578525.78893139     
   1792980.12500000     
   1796270.27729036     
  0.000000000000000E+000
  0.000000000000000E+000
  0.000000000000000E+000
  0.000000000000000E+000
