           1
          11
 rho_tor
  0.100000000000000     
  0.000000000000000E+000  0.100000000000000       0.200000000000000     
  0.300000000000000       0.400000000000000       0.500000000000000     
  0.600000000000000       0.700000000000000       0.800000000000000     
  0.900000000000000        1.00000000000000     
   2.18216725442178        2.10500729528672        1.75169790602412     
   1.33716527980062       0.971112242373572       0.648796278110286     
  0.409239233718049       0.252788650268768       0.152921301761129     
  8.935142688781296E-002  4.163011075058063E-002
   2.18216725442178        2.10500729528672        1.75169790602412     
   1.33716527980062       0.971112242373572       0.648796278110286     
  0.409239233718049       0.252788650268768       0.152921301761129     
  8.935142688781296E-002  4.163011075058064E-002
   32379074957570.2        32196810455802.8        31796587735729.8     
   30677062634498.4        28911752754889.9        27597043059012.8     
   28547608737023.7        28639820465481.8        27188853692127.4     
   23569586444876.3        10738517984572.7     
  0.000000000000000E+000  0.000000000000000E+000  0.000000000000000E+000
  0.000000000000000E+000  0.000000000000000E+000  0.000000000000000E+000
  0.000000000000000E+000  0.000000000000000E+000  0.000000000000000E+000
  0.000000000000000E+000  0.000000000000000E+000
   1.50000000000000        1.50000000000000        1.50000000000000     
   1.50000000000000        1.50000000000000        1.50000000000000     
   1.50000000000000        1.50000000000000        1.50000000000000     
   1.50000000000000        1.50000000000000     
  0.000000000000000E+000
  0.000000000000000E+000
  0.000000000000000E+000
  0.000000000000000E+000
  0.000000000000000E+000
  0.000000000000000E+000
  0.000000000000000E+000
  0.000000000000000E+000
  0.000000000000000E+000
  0.000000000000000E+000
  0.000000000000000E+000
  0.000000000000000E+000
  0.000000000000000E+000
  0.000000000000000E+000
  0.000000000000000E+000
  0.000000000000000E+000
