           1
          11
 rho_tor
  0.100000000000000     
  0.000000000000000E+000  0.100000000000000       0.200000000000000     
  0.300000000000000       0.400000000000000       0.500000000000000     
  0.600000000000000       0.700000000000000       0.800000000000000     
  0.900000000000000        1.00000000000000     
   4.12821132997637        3.89630324361634        2.90392020621174     
   1.93746673738307        1.28351131294693       0.792634734590845     
  0.468250898374389       0.274782351507085       0.160267387493305     
  9.406895113740979E-002  4.194690684129029E-002
   4.12821132997637        3.89630324361634        2.90392020621174     
   1.93746673738307        1.28351131294693       0.792634734590845     
  0.468250898374389       0.274782351507085       0.160267387493305     
  9.406895113740979E-002  4.194690684129030E-002
   35210869879050.2        35922402055583.2        36939165565508.6     
   37467777984125.0        36140722352885.7        33987232052083.4     
   34770985354721.2        34864217361228.2        34551306699635.6     
   30928490961817.7        11725767588267.1     
  0.000000000000000E+000  0.000000000000000E+000  0.000000000000000E+000
  0.000000000000000E+000  0.000000000000000E+000  0.000000000000000E+000
  0.000000000000000E+000  0.000000000000000E+000  0.000000000000000E+000
  0.000000000000000E+000  0.000000000000000E+000
   1.50000000000000        1.50000000000000        1.50000000000000     
   1.50000000000000        1.50000000000000        1.50000000000000     
   1.50000000000000        1.50000000000000        1.50000000000000     
   1.50000000000000        1.50000000000000     
  0.000000000000000E+000
  0.000000000000000E+000
  0.000000000000000E+000
  0.000000000000000E+000
  0.000000000000000E+000
  0.000000000000000E+000
  0.000000000000000E+000
  0.000000000000000E+000
  0.000000000000000E+000
  0.000000000000000E+000
  0.000000000000000E+000
  0.000000000000000E+000
  0.000000000000000E+000
  0.000000000000000E+000
  0.000000000000000E+000
  0.000000000000000E+000
