           1
          11
 rho_tor
  0.100000000000000     
  0.000000000000000E+000  0.100000000000000       0.200000000000000     
  0.300000000000000       0.400000000000000       0.500000000000000     
  0.600000000000000       0.700000000000000       0.800000000000000     
  0.900000000000000        1.00000000000000     
   1.27521364742523        1.26044851522276        1.17738986506978     
   1.03662076620143       0.855742082004633       0.668143024481801     
  0.494775677654970       0.340225326005974       0.212640372054451     
  0.116435510006061       2.000000000000000E-002
   1.27521364742523        1.26044851522276        1.17738986506979     
   1.03662076620143       0.855742082004633       0.668143024481801     
  0.494775677654970       0.340225326005974       0.212640372054451     
  0.116435510006061       2.000000000000000E-002
   23366538513983.4        22852727818900.4        22122457114669.0     
   21014032399992.1        20419650645452.4        20608005340563.6     
   20634329188655.2        20373586272555.8        20366002508241.6     
   18132931938877.3        5675128068211.31     
  0.000000000000000E+000  0.000000000000000E+000  0.000000000000000E+000
  0.000000000000000E+000  0.000000000000000E+000  0.000000000000000E+000
  0.000000000000000E+000  0.000000000000000E+000  0.000000000000000E+000
  0.000000000000000E+000  0.000000000000000E+000
   1.50000000000000        1.50000000000000        1.50000000000000     
   1.50000000000000        1.50000000000000        1.50000000000000     
   1.50000000000000        1.50000000000000        1.50000000000000     
   1.50000000000000        1.50000000000000     
  0.000000000000000E+000
  0.000000000000000E+000
  0.000000000000000E+000
  0.000000000000000E+000
  0.000000000000000E+000
  0.000000000000000E+000
  0.000000000000000E+000
  0.000000000000000E+000
  0.000000000000000E+000
  0.000000000000000E+000
  0.000000000000000E+000
  0.000000000000000E+000
  0.000000000000000E+000
  0.000000000000000E+000
  0.000000000000000E+000
  0.000000000000000E+000
