           1
          11
 rho_tor
  0.100000000000000     
  0.000000000000000E+000  0.100000000000000       0.200000000000000     
  0.300000000000000       0.400000000000000       0.500000000000000     
  0.600000000000000       0.700000000000000       0.800000000000000     
  0.900000000000000        1.00000000000000     
  0.823704492419381       0.807500171511134       0.746585345041182     
  0.668221238911182       0.571941268929737       0.476727543068106     
  0.388395636438994       0.292909416184031       0.202708207702927     
  0.126952655943825       2.000000000000000E-002
  0.823704492419381       0.807500171511133       0.746585345041182     
  0.668221238911182       0.571941268929737       0.476727543068106     
  0.388395636438994       0.292909416184031       0.202708207702927     
  0.126952655943825       2.000000000000000E-002
   15317216595420.7        14289205848482.0        12764159719690.2     
   10431845957206.2        8810172933155.54        8214289495605.91     
   6784780882312.65        5136070802251.42        5030058044167.99     
   3863614124302.58        1109499315517.56     
  0.000000000000000E+000  0.000000000000000E+000  0.000000000000000E+000
  0.000000000000000E+000  0.000000000000000E+000  0.000000000000000E+000
  0.000000000000000E+000  0.000000000000000E+000  0.000000000000000E+000
  0.000000000000000E+000  0.000000000000000E+000
   1.50000000000000        1.50000000000000        1.50000000000000     
   1.50000000000000        1.50000000000000        1.50000000000000     
   1.50000000000000        1.50000000000000        1.50000000000000     
   1.50000000000000        1.50000000000000     
  0.000000000000000E+000
  0.000000000000000E+000
  0.000000000000000E+000
  0.000000000000000E+000
  0.000000000000000E+000
  0.000000000000000E+000
  0.000000000000000E+000
  0.000000000000000E+000
  0.000000000000000E+000
  0.000000000000000E+000
  0.000000000000000E+000
  0.000000000000000E+000
  0.000000000000000E+000
  0.000000000000000E+000
  0.000000000000000E+000
  0.000000000000000E+000
