           1
          11
 rho_tor
  0.100000000000000     
  0.000000000000000E+000  0.100000000000000       0.200000000000000     
  0.300000000000000       0.400000000000000       0.500000000000000     
  0.600000000000000       0.700000000000000       0.800000000000000     
  0.900000000000000        1.00000000000000     
   2.11025232144361        2.08335753265483        1.92421360591283     
   1.66318242069782        1.35436169629740        1.02592015412807     
  0.736449339272760       0.501183037814722       0.306982038664660     
  0.171424225392047       3.227704733202305E-002
   2.11025232144361        2.08335753265483        1.92421360591283     
   1.66318242069782        1.35436169629740        1.02592015412807     
  0.736449339272760       0.501183037814722       0.306982038664660     
  0.171424225392047       3.227704733202306E-002
   72659223690010.8        71133774066177.8        68904261158588.2     
   64390871638420.2        59152525212206.4        54425222616631.5     
   52545581502768.9        50719133432944.8        49083205672177.7     
   48089151472298.5        12580199899101.8     
  0.000000000000000E+000  0.000000000000000E+000  0.000000000000000E+000
  0.000000000000000E+000  0.000000000000000E+000  0.000000000000000E+000
  0.000000000000000E+000  0.000000000000000E+000  0.000000000000000E+000
  0.000000000000000E+000  0.000000000000000E+000
   1.50000000000000        1.50000000000000        1.50000000000000     
   1.50000000000000        1.50000000000000        1.50000000000000     
   1.50000000000000        1.50000000000000        1.50000000000000     
   1.50000000000000        1.50000000000000     
  0.000000000000000E+000
  0.000000000000000E+000
   1066500.00000000     
   1030410.06250000     
  0.000000000000000E+000
   1261620.00000000     
  0.000000000000000E+000
  0.000000000000000E+000
   1691460.00000000     
   1576440.00000000     
   1792980.12500000     
   1800270.12500000     
  0.000000000000000E+000
  0.000000000000000E+000
   1492560.00000000     
  0.000000000000000E+000
