           1
          11
 rho_tor
  0.100000000000000     
  0.000000000000000E+000  0.100000000000000       0.200000000000000     
  0.300000000000000       0.400000000000000       0.500000000000000     
  0.600000000000000       0.700000000000000       0.800000000000000     
  0.900000000000000        1.00000000000000     
   2.05508323730601        2.01235420393826        1.77298383009759     
   1.43519835596411        1.10069202939959       0.782040562922103     
  0.529322492531552       0.343331765182716       0.204852293599825     
  0.111715448013088       3.221059628513342E-002
   2.05508323730601        2.01235420393825        1.77298383009759     
   1.43519835596411        1.10069202939959       0.782040562922103     
  0.529322492531552       0.343331765182716       0.204852293599825     
  0.111715448013088       3.221059628513343E-002
   57083738540054.7        56563289649032.2        55847550631321.1     
   54802991059784.6        54049808445449.5        53823847952048.1     
   54658759102302.1        54801044159704.7        56177199829794.9     
   54348049081389.1        20537343719787.1     
  0.000000000000000E+000  0.000000000000000E+000  0.000000000000000E+000
  0.000000000000000E+000  0.000000000000000E+000  0.000000000000000E+000
  0.000000000000000E+000  0.000000000000000E+000  0.000000000000000E+000
  0.000000000000000E+000  0.000000000000000E+000
   1.50000000000000        1.50000000000000        1.50000000000000     
   1.50000000000000        1.50000000000000        1.50000000000000     
   1.50000000000000        1.50000000000000        1.50000000000000     
   1.50000000000000        1.50000000000000     
  0.000000000000000E+000
  0.000000000000000E+000
  0.000000000000000E+000
  0.000000000000000E+000
  0.000000000000000E+000
   1269809.87500000     
   1330739.87500000     
  0.000000000000000E+000
   1722218.08406497     
   1584631.58024809     
  0.000000000000000E+000
  0.000000000000000E+000
  0.000000000000000E+000
  0.000000000000000E+000
   1488443.49608770     
  0.000000000000000E+000
