           1
          11
 rho_tor
  0.100000000000000     
  0.000000000000000E+000  0.100000000000000       0.200000000000000     
  0.300000000000000       0.400000000000000       0.500000000000000     
  0.600000000000000       0.700000000000000       0.800000000000000     
  0.900000000000000        1.00000000000000     
   1.94264756312960        1.90324214003866        1.69990415019644     
   1.41440707003908        1.11693088113566       0.816319889519427     
  0.566472893208952       0.374850212232832       0.226480107407155     
  0.119940349360076       2.107112269538585E-002
   1.94264756312960        1.90324214003866        1.69990415019644     
   1.41440707003908        1.11693088113566       0.816319889519427     
  0.566472893208952       0.374850212232832       0.226480107407155     
  0.119940349360076       2.107112269538585E-002
   64872171794418.1        64059974385574.2        62666402961632.4     
   59942624979873.6        56831027350143.2        54111698565204.8     
   52769971170992.7        50909740533032.7        49425897740127.8     
   43499768848636.8        15240797175997.7     
  0.000000000000000E+000  0.000000000000000E+000  0.000000000000000E+000
  0.000000000000000E+000  0.000000000000000E+000  0.000000000000000E+000
  0.000000000000000E+000  0.000000000000000E+000  0.000000000000000E+000
  0.000000000000000E+000  0.000000000000000E+000
   1.50000000000000        1.50000000000000        1.50000000000000     
   1.50000000000000        1.50000000000000        1.50000000000000     
   1.50000000000000        1.50000000000000        1.50000000000000     
   1.50000000000000        1.50000000000000     
  0.000000000000000E+000
  0.000000000000000E+000
  0.000000000000000E+000
  0.000000000000000E+000
  0.000000000000000E+000
   1271812.04093524     
   1326719.67938948     
  0.000000000000000E+000
   1728459.53711837     
   1588806.00000020     
  0.000000000000000E+000
  0.000000000000000E+000
  0.000000000000000E+000
  0.000000000000000E+000
   1488493.64885537     
  0.000000000000000E+000
