           1
          11
 rho_tor
  0.100000000000000     
  0.000000000000000E+000  0.100000000000000       0.200000000000000     
  0.300000000000000       0.400000000000000       0.500000000000000     
  0.600000000000000       0.700000000000000       0.800000000000000     
  0.900000000000000        1.00000000000000     
   1.22090180538245        1.20311446758627        1.10971833784456     
  0.967577405970936       0.808647670210015       0.653979743452462     
  0.516827598719172       0.401758464295216       0.303507531604226     
  0.224140160033360       0.120000000000000     
   1.22090180538245        1.20311446758627        1.10971833784456     
  0.967577405970937       0.808647670210015       0.653979743452462     
  0.516827598719172       0.401758464295216       0.303507531604226     
  0.224140160033360       0.120000000000000     
   13070660064598.4        12866743591863.8        12589755774486.6     
   12146816253999.5        11712801726638.4        11347584139380.6     
   11336734279389.4        11076622895689.5        10013557497738.8     
   8226305363587.78        1759085436933.67     
  0.000000000000000E+000  0.000000000000000E+000  0.000000000000000E+000
  0.000000000000000E+000  0.000000000000000E+000  0.000000000000000E+000
  0.000000000000000E+000  0.000000000000000E+000  0.000000000000000E+000
  0.000000000000000E+000  0.000000000000000E+000
   1.50000000000000        1.50000000000000        1.50000000000000     
   1.50000000000000        1.50000000000000        1.50000000000000     
   1.50000000000000        1.50000000000000        1.50000000000000     
   1.50000000000000        1.50000000000000     
  0.000000000000000E+000
  0.000000000000000E+000
  0.000000000000000E+000
  0.000000000000000E+000
  0.000000000000000E+000
  0.000000000000000E+000
  0.000000000000000E+000
  0.000000000000000E+000
  0.000000000000000E+000
  0.000000000000000E+000
  0.000000000000000E+000
  0.000000000000000E+000
  0.000000000000000E+000
  0.000000000000000E+000
  0.000000000000000E+000
  0.000000000000000E+000
