           1
          11
 rho_tor
  0.100000000000000     
  0.000000000000000E+000  0.100000000000000       0.200000000000000     
  0.300000000000000       0.400000000000000       0.500000000000000     
  0.600000000000000       0.700000000000000       0.800000000000000     
  0.900000000000000        1.00000000000000     
   3.88300779830615        3.66560207222651        2.75302494158241     
   1.86351927676585        1.24627452412604       0.767636007525846     
  0.446372216059753       0.258400033088589       0.147309952801728     
  8.055298790834406E-002  2.350687703122813E-002
   3.88300779830614        3.66560207222651        2.75302494158241     
   1.86351927676585        1.24627452412604       0.767636007525846     
  0.446372216059753       0.258400033088589       0.147309952801728     
  8.055298790834406E-002  2.350687703122813E-002
   36097824984327.8        36703539146075.2        37635094731729.1     
   37989129377941.0        36211362851569.1        33555594059251.1     
   34361564878903.2        34476192424430.6        33573305032927.3     
   28071977717809.1        9890962316623.67     
  0.000000000000000E+000  0.000000000000000E+000  0.000000000000000E+000
  0.000000000000000E+000  0.000000000000000E+000  0.000000000000000E+000
  0.000000000000000E+000  0.000000000000000E+000  0.000000000000000E+000
  0.000000000000000E+000  0.000000000000000E+000
   1.50000000000000        1.50000000000000        1.50000000000000     
   1.50000000000000        1.50000000000000        1.50000000000000     
   1.50000000000000        1.50000000000000        1.50000000000000     
   1.50000000000000        1.50000000000000     
  0.000000000000000E+000
  0.000000000000000E+000
  0.000000000000000E+000
  0.000000000000000E+000
  0.000000000000000E+000
  0.000000000000000E+000
  0.000000000000000E+000
  0.000000000000000E+000
  0.000000000000000E+000
  0.000000000000000E+000
  0.000000000000000E+000
  0.000000000000000E+000
  0.000000000000000E+000
  0.000000000000000E+000
  0.000000000000000E+000
  0.000000000000000E+000
