           1
          11
 rho_tor
  0.100000000000000     
  0.000000000000000E+000  0.100000000000000       0.200000000000000     
  0.300000000000000       0.400000000000000       0.500000000000000     
  0.600000000000000       0.700000000000000       0.800000000000000     
  0.900000000000000        1.00000000000000     
   1.98787549073228        1.93014722582995        1.62884159405674     
   1.23943427176819       0.888131246893806       0.570784409559579     
  0.341239681693406       0.206426324641700       0.127332353464296     
  7.908290943489309E-002  4.204364130742337E-002
   1.98787549073227        1.93014722582995        1.62884159405674     
   1.23943427176819       0.888131246893806       0.570784409559579     
  0.341239681693406       0.206426324641700       0.127332353464296     
  7.908290943489309E-002  4.204364130742338E-002
   39834614728211.8        40516438512359.7        41353942824405.7     
   41216019342016.4        38775980804073.3        35473119058626.4     
   35353454116441.3        35183660444836.9        33324728770667.7     
   27704607616702.6        11726352695447.7     
  0.000000000000000E+000  0.000000000000000E+000  0.000000000000000E+000
  0.000000000000000E+000  0.000000000000000E+000  0.000000000000000E+000
  0.000000000000000E+000  0.000000000000000E+000  0.000000000000000E+000
  0.000000000000000E+000  0.000000000000000E+000
   1.50000000000000        1.50000000000000        1.50000000000000     
   1.50000000000000        1.50000000000000        1.50000000000000     
   1.50000000000000        1.50000000000000        1.50000000000000     
   1.50000000000000        1.50000000000000     
  0.000000000000000E+000
  0.000000000000000E+000
  0.000000000000000E+000
  0.000000000000000E+000
  0.000000000000000E+000
   1237015.77946765     
   1306216.33441061     
  0.000000000000000E+000
  0.000000000000000E+000
  0.000000000000000E+000
  0.000000000000000E+000
  0.000000000000000E+000
  0.000000000000000E+000
  0.000000000000000E+000
   1521170.20085542     
  0.000000000000000E+000
