           1
          11
 rho_tor
  0.100000000000000     
  0.000000000000000E+000  0.100000000000000       0.200000000000000     
  0.300000000000000       0.400000000000000       0.500000000000000     
  0.600000000000000       0.700000000000000       0.800000000000000     
  0.900000000000000        1.00000000000000     
   1.27152918026481        1.25759207667065        1.17479664233207     
   1.03238774307115       0.851615010985856       0.668554296503647     
  0.498948764588333       0.343183922649254       0.216074803470811     
  0.118096904346823       2.000000000000000E-002
   1.27152918026481        1.25759207667065        1.17479664233207     
   1.03238774307115       0.851615010985856       0.668554296503647     
  0.498948764588333       0.343183922649254       0.216074803470811     
  0.118096904346823       2.000000000000000E-002
   22244306220156.4        21738721668652.1        21009952618086.1     
   19951100250592.9        19492326032740.4        19830219402182.3     
   19536098492906.9        19279925153765.7        19931710763362.1     
   16860638481385.3        6016900879628.26     
  0.000000000000000E+000  0.000000000000000E+000  0.000000000000000E+000
  0.000000000000000E+000  0.000000000000000E+000  0.000000000000000E+000
  0.000000000000000E+000  0.000000000000000E+000  0.000000000000000E+000
  0.000000000000000E+000  0.000000000000000E+000
   1.50000000000000        1.50000000000000        1.50000000000000     
   1.50000000000000        1.50000000000000        1.50000000000000     
   1.50000000000000        1.50000000000000        1.50000000000000     
   1.50000000000000        1.50000000000000     
  0.000000000000000E+000
  0.000000000000000E+000
  0.000000000000000E+000
  0.000000000000000E+000
  0.000000000000000E+000
  0.000000000000000E+000
  0.000000000000000E+000
  0.000000000000000E+000
  0.000000000000000E+000
  0.000000000000000E+000
  0.000000000000000E+000
  0.000000000000000E+000
  0.000000000000000E+000
  0.000000000000000E+000
  0.000000000000000E+000
  0.000000000000000E+000
