           1
          11
 rho_tor
  0.100000000000000     
  0.000000000000000E+000  0.100000000000000       0.200000000000000     
  0.300000000000000       0.400000000000000       0.500000000000000     
  0.600000000000000       0.700000000000000       0.800000000000000     
  0.900000000000000        1.00000000000000     
   1.46490490596632        1.45100095259511        1.36453836604266     
   1.19564490426111       0.964733028644541       0.724093953712008     
  0.508948864380409       0.334834806721160       0.206981157813261     
  0.113069226106056       3.330329212236778E-002
   1.46490490596632        1.45100095259511        1.36453836604266     
   1.19564490426111       0.964733028644541       0.724093953712008     
  0.508948864380409       0.334834806721160       0.206981157813261     
  0.113069226106056       3.330329212236779E-002
   30291738176425.2        30089369764782.5        29681349180181.6     
   28728491830617.2        27480500806769.1        26444108895151.9     
   26044395170158.3        26363256039957.3        25870492981653.2     
   21294086281770.5        9417880234145.47     
  0.000000000000000E+000  0.000000000000000E+000  0.000000000000000E+000
  0.000000000000000E+000  0.000000000000000E+000  0.000000000000000E+000
  0.000000000000000E+000  0.000000000000000E+000  0.000000000000000E+000
  0.000000000000000E+000  0.000000000000000E+000
   1.50000000000000        1.50000000000000        1.50000000000000     
   1.50000000000000        1.50000000000000        1.50000000000000     
   1.50000000000000        1.50000000000000        1.50000000000000     
   1.50000000000000        1.50000000000000     
  0.000000000000000E+000
  0.000000000000000E+000
  0.000000000000000E+000
  0.000000000000000E+000
  0.000000000000000E+000
  0.000000000000000E+000
  0.000000000000000E+000
  0.000000000000000E+000
  0.000000000000000E+000
  0.000000000000000E+000
  0.000000000000000E+000
  0.000000000000000E+000
  0.000000000000000E+000
  0.000000000000000E+000
  0.000000000000000E+000
  0.000000000000000E+000
