           1
          11
 rho_tor
  0.100000000000000     
  0.000000000000000E+000  0.100000000000000       0.200000000000000     
  0.300000000000000       0.400000000000000       0.500000000000000     
  0.600000000000000       0.700000000000000       0.800000000000000     
  0.900000000000000        1.00000000000000     
   2.19254803891753        2.14607037937619        1.88602603465765     
   1.51887571478765        1.15482054609220       0.811638608953945     
  0.545845000442031       0.353757864345140       0.212978992497695     
  0.119610529745424       4.350068171019594E-002
   2.19254803891753        2.14607037937619        1.88602603465765     
   1.51887571478765        1.15482054609220       0.811638608953945     
  0.545845000442031       0.353757864345140       0.212978992497695     
  0.119610529745424       4.350068171019595E-002
   51814461244238.2        51268234468735.1        50467767148012.8     
   49471517241405.1        49291264021732.3        50478748147409.1     
   52480851404078.8        53165332758857.8        54701604587394.5     
   53819219963417.8        21777721775001.0     
  0.000000000000000E+000  0.000000000000000E+000  0.000000000000000E+000
  0.000000000000000E+000  0.000000000000000E+000  0.000000000000000E+000
  0.000000000000000E+000  0.000000000000000E+000  0.000000000000000E+000
  0.000000000000000E+000  0.000000000000000E+000
   1.50000000000000        1.50000000000000        1.50000000000000     
   1.50000000000000        1.50000000000000        1.50000000000000     
   1.50000000000000        1.50000000000000        1.50000000000000     
   1.50000000000000        1.50000000000000     
  0.000000000000000E+000
  0.000000000000000E+000
  0.000000000000000E+000
  0.000000000000000E+000
  0.000000000000000E+000
   1271790.12500000     
   1330739.87500000     
  0.000000000000000E+000
   1722240.00000000     
   1584630.00000000     
  0.000000000000000E+000
  0.000000000000000E+000
  0.000000000000000E+000
  0.000000000000000E+000
   1484370.00000000     
  0.000000000000000E+000
