           1
          11
 rho_tor
  0.100000000000000     
  0.000000000000000E+000  0.100000000000000       0.200000000000000     
  0.300000000000000       0.400000000000000       0.500000000000000     
  0.600000000000000       0.700000000000000       0.800000000000000     
  0.900000000000000        1.00000000000000     
   2.29861212742136        2.24242094055115        1.94511953831227     
   1.54861960245413        1.17218840140289       0.816623300338124     
  0.536236159125348       0.340587170401986       0.208558950000956     
  0.117234679256951       4.496216920355454E-002
   2.29861212742135        2.24242094055115        1.94511953831227     
   1.54861960245413        1.17218840140289       0.816623300338124     
  0.536236159125348       0.340587170401986       0.208558950000956     
  0.117234679256951       4.496216920355454E-002
   40942597978377.4        40829148469368.0        40511850078685.5     
   39496143352137.7        37775996375663.4        36018535998327.8     
   35681452928042.6        36271102642549.2        35681752154796.5     
   29821052479815.6        14164252440523.2     
  0.000000000000000E+000  0.000000000000000E+000  0.000000000000000E+000
  0.000000000000000E+000  0.000000000000000E+000  0.000000000000000E+000
  0.000000000000000E+000  0.000000000000000E+000  0.000000000000000E+000
  0.000000000000000E+000  0.000000000000000E+000
   1.50000000000000        1.50000000000000        1.50000000000000     
   1.50000000000000        1.50000000000000        1.50000000000000     
   1.50000000000000        1.50000000000000        1.50000000000000     
   1.50000000000000        1.50000000000000     
  0.000000000000000E+000
  0.000000000000000E+000
  0.000000000000000E+000
  0.000000000000000E+000
  0.000000000000000E+000
   1273881.76406846     
   1336872.45608366     
  0.000000000000000E+000
  0.000000000000000E+000
  0.000000000000000E+000
  0.000000000000000E+000
  0.000000000000000E+000
  0.000000000000000E+000
  0.000000000000000E+000
   1412597.42965792     
  0.000000000000000E+000
