           1
          11
 rho_tor
  0.100000000000000     
  0.000000000000000E+000  0.100000000000000       0.200000000000000     
  0.300000000000000       0.400000000000000       0.500000000000000     
  0.600000000000000       0.700000000000000       0.800000000000000     
  0.900000000000000        1.00000000000000     
   2.28403429006797        2.22799115028374        1.93179690610798     
   1.53803274563610        1.16534151527189       0.812833192438919     
  0.533883200662884       0.337780549804245       0.203937878051797     
  0.109545571364547       3.424745528707106E-002
   2.28403429006797        2.22799115028373        1.93179690610798     
   1.53803274563610        1.16534151527189       0.812833192438919     
  0.533883200662884       0.337780549804245       0.203937878051797     
  0.109545571364547       3.424745528707107E-002
   41042900853309.2        41001232383328.0        40811506396701.3     
   39953859622632.9        38235612950061.9        36253868015717.4     
   35643530152766.1        36014605583108.6        35232105796207.0     
   29136386061404.1        14579985646787.0     
  0.000000000000000E+000  0.000000000000000E+000  0.000000000000000E+000
  0.000000000000000E+000  0.000000000000000E+000  0.000000000000000E+000
  0.000000000000000E+000  0.000000000000000E+000  0.000000000000000E+000
  0.000000000000000E+000  0.000000000000000E+000
   1.50000000000000        1.50000000000000        1.50000000000000     
   1.50000000000000        1.50000000000000        1.50000000000000     
   1.50000000000000        1.50000000000000        1.50000000000000     
   1.50000000000000        1.50000000000000     
  0.000000000000000E+000
  0.000000000000000E+000
  0.000000000000000E+000
  0.000000000000000E+000
  0.000000000000000E+000
   1271804.20887412     
   1334887.76326340     
  0.000000000000000E+000
  0.000000000000000E+000
  0.000000000000000E+000
  0.000000000000000E+000
  0.000000000000000E+000
  0.000000000000000E+000
  0.000000000000000E+000
   1478194.48854981     
  0.000000000000000E+000
