           1
          11
 rho_tor
  0.100000000000000     
  0.000000000000000E+000  0.100000000000000       0.200000000000000     
  0.300000000000000       0.400000000000000       0.500000000000000     
  0.600000000000000       0.700000000000000       0.800000000000000     
  0.900000000000000        1.00000000000000     
   1.99756717748931        1.95795571033530        1.75938123423787     
   1.47808390756009        1.17583143441315       0.865718201175725     
  0.604943626581636       0.405001210886817       0.250720707649380     
  0.137112033576462       3.390465299447208E-002
   1.99756717748931        1.95795571033530        1.75938123423787     
   1.47808390756009        1.17583143441315       0.865718201175725     
  0.604943626581636       0.405001210886817       0.250720707649380     
  0.137112033576462       3.390465299447209E-002
   64491413836923.0        63713305100036.8        62363973754161.5     
   59459606514610.0        55867151531147.4        52555055811122.5     
   50908277864199.1        49742054548288.2        48324383188829.7     
   41929297018377.2        17052533350580.9     
  0.000000000000000E+000  0.000000000000000E+000  0.000000000000000E+000
  0.000000000000000E+000  0.000000000000000E+000  0.000000000000000E+000
  0.000000000000000E+000  0.000000000000000E+000  0.000000000000000E+000
  0.000000000000000E+000  0.000000000000000E+000
   1.50000000000000        1.50000000000000        1.50000000000000     
   1.50000000000000        1.50000000000000        1.50000000000000     
   1.50000000000000        1.50000000000000        1.50000000000000     
   1.50000000000000        1.50000000000000     
  0.000000000000000E+000
  0.000000000000000E+000
  0.000000000000000E+000
  0.000000000000000E+000
  0.000000000000000E+000
   1269806.72690115     
   1328756.85171104     
  0.000000000000000E+000
   1724266.33460092     
   1588766.85190115     
  0.000000000000000E+000
  0.000000000000000E+000
  0.000000000000000E+000
  0.000000000000000E+000
   1488463.80228121     
  0.000000000000000E+000
