           1
          11
 rho_tor
  0.100000000000000     
  0.000000000000000E+000  0.100000000000000       0.200000000000000     
  0.300000000000000       0.400000000000000       0.500000000000000     
  0.600000000000000       0.700000000000000       0.800000000000000     
  0.900000000000000        1.00000000000000     
   4.28875122235512        4.04423773314033        3.00863403699541     
   2.00479265156004        1.32582124594752       0.819651273871177     
  0.482476313906595       0.277794347402133       0.156466775671318     
  8.786730050882645E-002  3.547034979560125E-002
   4.28875122235511        4.04423773314033        3.00863403699541     
   2.00479265156004        1.32582124594752       0.819651273871177     
  0.482476313906595       0.277794347402133       0.156466775671318     
  8.786730050882645E-002  3.547034979560126E-002
   34053366844051.8        34405165262323.0        34910081942559.1     
   34897637769814.5        33341342349906.4        31012183088837.2     
   31737991315904.2        32660145634803.1        34128683306411.8     
   32723966639888.6        12995059265910.1     
  0.000000000000000E+000  0.000000000000000E+000  0.000000000000000E+000
  0.000000000000000E+000  0.000000000000000E+000  0.000000000000000E+000
  0.000000000000000E+000  0.000000000000000E+000  0.000000000000000E+000
  0.000000000000000E+000  0.000000000000000E+000
   1.50000000000000        1.50000000000000        1.50000000000000     
   1.50000000000000        1.50000000000000        1.50000000000000     
   1.50000000000000        1.50000000000000        1.50000000000000     
   1.50000000000000        1.50000000000000     
  0.000000000000000E+000
  0.000000000000000E+000
  0.000000000000000E+000
  0.000000000000000E+000
  0.000000000000000E+000
  0.000000000000000E+000
  0.000000000000000E+000
  0.000000000000000E+000
  0.000000000000000E+000
  0.000000000000000E+000
  0.000000000000000E+000
  0.000000000000000E+000
  0.000000000000000E+000
  0.000000000000000E+000
  0.000000000000000E+000
  0.000000000000000E+000
