           1
          11
 rho_tor
  0.100000000000000     
  0.000000000000000E+000  0.100000000000000       0.200000000000000     
  0.300000000000000       0.400000000000000       0.500000000000000     
  0.600000000000000       0.700000000000000       0.800000000000000     
  0.900000000000000        1.00000000000000     
   2.61487054431002        2.51076229169916        2.02111282083559     
   1.46887209268844        1.02543066141406       0.649321733930080     
  0.383027950203778       0.226646255635625       0.135260332394703     
  7.904670792942292E-002  3.526016743368848E-002
   2.61487054431002        2.51076229169916        2.02111282083559     
   1.46887209268844        1.02543066141406       0.649321733930080     
  0.383027950203778       0.226646255635625       0.135260332394703     
  7.904670792942292E-002  3.526016743368848E-002
   38570325188482.5        39363314883973.6        40500231578732.7     
   41106246937152.4        39618063476693.7        37276777456393.7     
   38283704401789.0        39730689145866.5        39156405838675.4     
   32971489133932.1        13844794332087.3     
  0.000000000000000E+000  0.000000000000000E+000  0.000000000000000E+000
  0.000000000000000E+000  0.000000000000000E+000  0.000000000000000E+000
  0.000000000000000E+000  0.000000000000000E+000  0.000000000000000E+000
  0.000000000000000E+000  0.000000000000000E+000
   1.50000000000000        1.50000000000000        1.50000000000000     
   1.50000000000000        1.50000000000000        1.50000000000000     
   1.50000000000000        1.50000000000000        1.50000000000000     
   1.50000000000000        1.50000000000000     
  0.000000000000000E+000
  0.000000000000000E+000
  0.000000000000000E+000
  0.000000000000000E+000
  0.000000000000000E+000
  0.000000000000000E+000
  0.000000000000000E+000
  0.000000000000000E+000
  0.000000000000000E+000
  0.000000000000000E+000
  0.000000000000000E+000
  0.000000000000000E+000
  0.000000000000000E+000
  0.000000000000000E+000
  0.000000000000000E+000
  0.000000000000000E+000
