           1
          11
 rho_tor
  0.100000000000000     
  0.000000000000000E+000  0.100000000000000       0.200000000000000     
  0.300000000000000       0.400000000000000       0.500000000000000     
  0.600000000000000       0.700000000000000       0.800000000000000     
  0.900000000000000        1.00000000000000     
   1.54697322561754        1.52882913100117        1.42347604418713     
   1.22371063808940       0.956330229736601       0.683607999262145     
  0.456444392604024       0.293337330511903       0.181497409043979     
  0.105066958178706       4.439269993816886E-002
   1.54697322561754        1.52882913100117        1.42347604418713     
   1.22371063808940       0.956330229736601       0.683607999262145     
  0.456444392604024       0.293337330511903       0.181497409043979     
  0.105066958178706       4.439269993816887E-002
   31505910383159.1        31513936079479.7        31405162146711.7     
   30646598414171.8        29038511469770.3        27380493415848.4     
   27844867087765.6        28533387148668.5        27313059565590.7     
   23150846707479.6        10440950336409.2     
  0.000000000000000E+000  0.000000000000000E+000  0.000000000000000E+000
  0.000000000000000E+000  0.000000000000000E+000  0.000000000000000E+000
  0.000000000000000E+000  0.000000000000000E+000  0.000000000000000E+000
  0.000000000000000E+000  0.000000000000000E+000
   1.50000000000000        1.50000000000000        1.50000000000000     
   1.50000000000000        1.50000000000000        1.50000000000000     
   1.50000000000000        1.50000000000000        1.50000000000000     
   1.50000000000000        1.50000000000000     
  0.000000000000000E+000
  0.000000000000000E+000
  0.000000000000000E+000
  0.000000000000000E+000
  0.000000000000000E+000
  0.000000000000000E+000
  0.000000000000000E+000
  0.000000000000000E+000
  0.000000000000000E+000
  0.000000000000000E+000
  0.000000000000000E+000
  0.000000000000000E+000
  0.000000000000000E+000
  0.000000000000000E+000
  0.000000000000000E+000
  0.000000000000000E+000
