           1
          11
 rho_tor
  0.100000000000000     
  0.000000000000000E+000  0.100000000000000       0.200000000000000     
  0.300000000000000       0.400000000000000       0.500000000000000     
  0.600000000000000       0.700000000000000       0.800000000000000     
  0.900000000000000        1.00000000000000     
   1.93732944297979        1.90041869609667        1.71423028342690     
   1.44621420708565        1.15206461041703       0.849912893968400     
  0.594813394371811       0.395338528605780       0.237226065420300     
  0.122108589401253       2.000000000000000E-002
   1.93732944297979        1.90041869609667        1.71423028342690     
   1.44621420708565        1.15206461041703       0.849912893968400     
  0.594813394371811       0.395338528605780       0.237226065420300     
  0.122108589401253       2.000000000000000E-002
   66303756302060.1        65103392116687.6        63193187452057.7     
   59582997620520.2        55642181390638.4        52287983553137.7     
   50652909601230.5        48590130120009.0        46206857360030.2     
   41540437135756.5        15816549617373.5     
  0.000000000000000E+000  0.000000000000000E+000  0.000000000000000E+000
  0.000000000000000E+000  0.000000000000000E+000  0.000000000000000E+000
  0.000000000000000E+000  0.000000000000000E+000  0.000000000000000E+000
  0.000000000000000E+000  0.000000000000000E+000
   1.50000000000000        1.50000000000000        1.50000000000000     
   1.50000000000000        1.50000000000000        1.50000000000000     
   1.50000000000000        1.50000000000000        1.50000000000000     
   1.50000000000000        1.50000000000000     
  0.000000000000000E+000
  0.000000000000000E+000
  0.000000000000000E+000
  0.000000000000000E+000
  0.000000000000000E+000
   1265671.58015267     
   1326690.00000000     
  0.000000000000000E+000
   1718171.17566801     
   1582563.28530533     
  0.000000000000000E+000
  0.000000000000000E+000
  0.000000000000000E+000
  0.000000000000000E+000
   1480262.90839682     
  0.000000000000000E+000
