           1
          11
 rho_tor
  0.100000000000000     
  0.000000000000000E+000  0.100000000000000       0.200000000000000     
  0.300000000000000       0.400000000000000       0.500000000000000     
  0.600000000000000       0.700000000000000       0.800000000000000     
  0.900000000000000        1.00000000000000     
   3.89330627465888        3.68143297220643        2.78109569003767     
   1.89023083881044        1.26340101055755       0.777228580055532     
  0.451041686176863       0.258432708553248       0.144031635649663     
  7.676660090632094E-002  2.000000000000000E-002
   3.89330627465888        3.68143297220643        2.78109569003767     
   1.89023083881044        1.26340101055755       0.777228580055532     
  0.451041686176863       0.258432708553248       0.144031635649663     
  7.676660090632094E-002  2.000000000000000E-002
   36550728106839.8        36770172333493.3        36999570932953.6     
   36478970807768.6        34538478282979.3        32261835499796.4     
   32863199515958.3        32870128889895.3        32628144238264.6     
   28449126520527.2        10114013008051.3     
  0.000000000000000E+000  0.000000000000000E+000  0.000000000000000E+000
  0.000000000000000E+000  0.000000000000000E+000  0.000000000000000E+000
  0.000000000000000E+000  0.000000000000000E+000  0.000000000000000E+000
  0.000000000000000E+000  0.000000000000000E+000
   1.50000000000000        1.50000000000000        1.50000000000000     
   1.50000000000000        1.50000000000000        1.50000000000000     
   1.50000000000000        1.50000000000000        1.50000000000000     
   1.50000000000000        1.50000000000000     
  0.000000000000000E+000
  0.000000000000000E+000
  0.000000000000000E+000
  0.000000000000000E+000
  0.000000000000000E+000
  0.000000000000000E+000
  0.000000000000000E+000
  0.000000000000000E+000
  0.000000000000000E+000
  0.000000000000000E+000
  0.000000000000000E+000
  0.000000000000000E+000
  0.000000000000000E+000
  0.000000000000000E+000
  0.000000000000000E+000
  0.000000000000000E+000
