           1
          11
 rho_tor
  0.100000000000000     
  0.000000000000000E+000  0.100000000000000       0.200000000000000     
  0.300000000000000       0.400000000000000       0.500000000000000     
  0.600000000000000       0.700000000000000       0.800000000000000     
  0.900000000000000        1.00000000000000     
   23.1635962786865        21.5632823049820        13.2887807106654     
   6.57418717941469        3.60495388902178        1.90441020424681     
  0.849912957733264       0.286635962218924       4.784860801421360E-002
  1.324924303900378E-002  0.120000000000000     
   23.1635962786865        21.5632823049819        13.2887807106654     
   6.57418717941469        3.60495388902178        1.90441020424681     
  0.849912957733264       0.286635962218924       4.784860801421360E-002
  1.324924303900378E-002  0.120000000000000     
   9992057655498.25        9995387355727.94        9999088151157.39     
   10008682384431.9        9996126357590.30        9982151980628.43     
   10012178268397.6        10036359086808.9        9881664345608.63     
   10211340028099.4        9857624177049.26     
  0.000000000000000E+000  0.000000000000000E+000  0.000000000000000E+000
  0.000000000000000E+000  0.000000000000000E+000  0.000000000000000E+000
  0.000000000000000E+000  0.000000000000000E+000  0.000000000000000E+000
  0.000000000000000E+000  0.000000000000000E+000
   1.50000000000000        1.50000000000000        1.50000000000000     
   1.50000000000000        1.50000000000000        1.50000000000000     
   1.50000000000000        1.50000000000000        1.50000000000000     
   1.50000000000000        1.50000000000000     
   1000000.00000000     
   1000000.00000000     
   1000000.00000000     
   1000000.00000000     
  0.000000000000000E+000
  0.000000000000000E+000
  0.000000000000000E+000
  0.000000000000000E+000
  0.000000000000000E+000
  0.000000000000000E+000
  0.000000000000000E+000
  0.000000000000000E+000
  0.000000000000000E+000
  0.000000000000000E+000
  0.000000000000000E+000
  0.000000000000000E+000
