           1
          11
 rho_tor
  0.100000000000000     
  0.000000000000000E+000  0.100000000000000       0.200000000000000     
  0.300000000000000       0.400000000000000       0.500000000000000     
  0.600000000000000       0.700000000000000       0.800000000000000     
  0.900000000000000        1.00000000000000     
   2.13869850235959        2.08993599802171        1.82352156576073     
   1.45421063143904        1.09581554988349       0.760902136546754     
  0.498901764510236       0.312674071561866       0.184703461091041     
  9.593109978010397E-002  2.000000000000000E-002
   2.13869850235959        2.08993599802171        1.82352156576073     
   1.45421063143904        1.09581554988349       0.760902136546754     
  0.498901764510236       0.312674071561866       0.184703461091041     
  9.593109978010397E-002  2.000000000000000E-002
   44419880190008.7        43959625212663.2        43110174250837.2     
   41517567763351.4        39815426348825.5        38603342618791.6     
   38364198760464.7        38503265743255.7        38033064215091.4     
   31931233516531.2        13500907339306.3     
  0.000000000000000E+000  0.000000000000000E+000  0.000000000000000E+000
  0.000000000000000E+000  0.000000000000000E+000  0.000000000000000E+000
  0.000000000000000E+000  0.000000000000000E+000  0.000000000000000E+000
  0.000000000000000E+000  0.000000000000000E+000
   1.50000000000000        1.50000000000000        1.50000000000000     
   1.50000000000000        1.50000000000000        1.50000000000000     
   1.50000000000000        1.50000000000000        1.50000000000000     
   1.50000000000000        1.50000000000000     
  0.000000000000000E+000
  0.000000000000000E+000
  0.000000000000000E+000
  0.000000000000000E+000
  0.000000000000000E+000
   1259553.14833332     
   1328766.15976188     
  0.000000000000000E+000
  0.000000000000000E+000
  0.000000000000000E+000
  0.000000000000000E+000
  0.000000000000000E+000
  0.000000000000000E+000
  0.000000000000000E+000
   1492616.12166646     
  0.000000000000000E+000
