           1
          11
 rho_tor
  0.100000000000000     
  0.000000000000000E+000  0.100000000000000       0.200000000000000     
  0.300000000000000       0.400000000000000       0.500000000000000     
  0.600000000000000       0.700000000000000       0.800000000000000     
  0.900000000000000        1.00000000000000     
   1.97372836187127        1.93555859918124        1.74405460989250     
   1.47027421998755        1.17167849561094       0.859802206995757     
  0.593955779029179       0.387132909501640       0.225439587721166     
  0.119119775900371       2.564920867610180E-002
   1.97372836187127        1.93555859918124        1.74405460989250     
   1.47027421998755        1.17167849561094       0.859802206995757     
  0.593955779029179       0.387132909501640       0.225439587721166     
  0.119119775900371       2.564920867610181E-002
   64661450817780.6        63741654218780.6        62227542353782.9     
   59024872610501.2        54911695735966.3        50817507547386.2     
   49387423668120.8        47386296073492.2        47173299638294.4     
   47435533970939.1        15506469701572.1     
  0.000000000000000E+000  0.000000000000000E+000  0.000000000000000E+000
  0.000000000000000E+000  0.000000000000000E+000  0.000000000000000E+000
  0.000000000000000E+000  0.000000000000000E+000  0.000000000000000E+000
  0.000000000000000E+000  0.000000000000000E+000
   1.50000000000000        1.50000000000000        1.50000000000000     
   1.50000000000000        1.50000000000000        1.50000000000000     
   1.50000000000000        1.50000000000000        1.50000000000000     
   1.50000000000000        1.50000000000000     
  0.000000000000000E+000
  0.000000000000000E+000
  0.000000000000000E+000
  0.000000000000000E+000
  0.000000000000000E+000
   1267783.52851715     
   1328809.68821297     
  0.000000000000000E+000
   1720288.06083653     
   1586768.83963885     
  0.000000000000000E+000
  0.000000000000000E+000
  0.000000000000000E+000
  0.000000000000000E+000
   1439386.69961996     
  0.000000000000000E+000
