           1
          11
 rho_tor
  0.100000000000000     
  0.000000000000000E+000  0.100000000000000       0.200000000000000     
  0.300000000000000       0.400000000000000       0.500000000000000     
  0.600000000000000       0.700000000000000       0.800000000000000     
  0.900000000000000        1.00000000000000     
   1.56459922443906        1.54400057535251        1.41835346958032     
   1.19237287983521       0.914894362125626       0.633449672948265     
  0.406112645283706       0.248304891768038       0.142912661516307     
  7.512110340777978E-002  2.000000000000000E-002
   1.56459922443906        1.54400057535251        1.41835346958032     
   1.19237287983521       0.914894362125626       0.633449672948265     
  0.406112645283706       0.248304891768038       0.142912661516307     
  7.512110340777978E-002  2.000000000000000E-002
   31931194376895.0        31981173768613.2        31961560550885.8     
   31257517135586.4        29499948343041.6        27792855328877.3     
   28423437087746.3        27777964365643.4        26306179461021.7     
   22582577239128.4        9451782450925.08     
  0.000000000000000E+000  0.000000000000000E+000  0.000000000000000E+000
  0.000000000000000E+000  0.000000000000000E+000  0.000000000000000E+000
  0.000000000000000E+000  0.000000000000000E+000  0.000000000000000E+000
  0.000000000000000E+000  0.000000000000000E+000
   1.50000000000000        1.50000000000000        1.50000000000000     
   1.50000000000000        1.50000000000000        1.50000000000000     
   1.50000000000000        1.50000000000000        1.50000000000000     
   1.50000000000000        1.50000000000000     
  0.000000000000000E+000
  0.000000000000000E+000
  0.000000000000000E+000
  0.000000000000000E+000
  0.000000000000000E+000
  0.000000000000000E+000
  0.000000000000000E+000
  0.000000000000000E+000
  0.000000000000000E+000
  0.000000000000000E+000
  0.000000000000000E+000
  0.000000000000000E+000
  0.000000000000000E+000
  0.000000000000000E+000
  0.000000000000000E+000
  0.000000000000000E+000
