           1
          11
 rho_tor
  0.100000000000000     
  0.000000000000000E+000  0.100000000000000       0.200000000000000     
  0.300000000000000       0.400000000000000       0.500000000000000     
  0.600000000000000       0.700000000000000       0.800000000000000     
  0.900000000000000        1.00000000000000     
   4.06707729256824        3.83680419781524        2.85938432075610     
   1.91117861452442        1.26669461048968       0.775685563722725     
  0.450706988645199       0.260781011103806       0.149248900780508     
  8.282440311514147E-002  2.989021546544220E-002
   4.06707729256824        3.83680419781524        2.85938432075610     
   1.91117861452442        1.26669461048968       0.775685563722725     
  0.450706988645199       0.260781011103806       0.149248900780508     
  8.282440311514147E-002  2.989021546544221E-002
   35479382210954.2        36339765514388.5        37622505350497.2     
   38375719319519.8        36808558845083.1        34344385122513.8     
   35923568447111.7        37127556297331.3        36921574021464.9     
   32262358434772.3        12552521264729.1     
  0.000000000000000E+000  0.000000000000000E+000  0.000000000000000E+000
  0.000000000000000E+000  0.000000000000000E+000  0.000000000000000E+000
  0.000000000000000E+000  0.000000000000000E+000  0.000000000000000E+000
  0.000000000000000E+000  0.000000000000000E+000
   1.50000000000000        1.50000000000000        1.50000000000000     
   1.50000000000000        1.50000000000000        1.50000000000000     
   1.50000000000000        1.50000000000000        1.50000000000000     
   1.50000000000000        1.50000000000000     
  0.000000000000000E+000
  0.000000000000000E+000
  0.000000000000000E+000
  0.000000000000000E+000
  0.000000000000000E+000
  0.000000000000000E+000
  0.000000000000000E+000
  0.000000000000000E+000
  0.000000000000000E+000
  0.000000000000000E+000
  0.000000000000000E+000
  0.000000000000000E+000
  0.000000000000000E+000
  0.000000000000000E+000
  0.000000000000000E+000
  0.000000000000000E+000
