           1
          11
 rho_tor
  0.100000000000000     
  0.000000000000000E+000  0.100000000000000       0.200000000000000     
  0.300000000000000       0.400000000000000       0.500000000000000     
  0.600000000000000       0.700000000000000       0.800000000000000     
  0.900000000000000        1.00000000000000     
   2.21169700768599        2.15565167782473        1.86039118461809     
   1.47234200017347        1.11112414121579       0.768353024282942     
  0.501858967894559       0.322581703213237       0.199285506238309     
  0.113762957530101       4.238667995940998E-002
   2.21169700768599        2.15565167782473        1.86039118461809     
   1.47234200017347        1.11112414121579       0.768353024282942     
  0.501858967894559       0.322581703213237       0.199285506238309     
  0.113762957530101       4.238667995940999E-002
   39440325841677.9        39807230224646.4        40192772854172.6     
   39636703380202.6        37274800229844.2        34472553795086.6     
   34513490946445.8        34032879923771.5        32120291699321.3     
   26937284002028.0        11440515759103.8     
  0.000000000000000E+000  0.000000000000000E+000  0.000000000000000E+000
  0.000000000000000E+000  0.000000000000000E+000  0.000000000000000E+000
  0.000000000000000E+000  0.000000000000000E+000  0.000000000000000E+000
  0.000000000000000E+000  0.000000000000000E+000
   1.50000000000000        1.50000000000000        1.50000000000000     
   1.50000000000000        1.50000000000000        1.50000000000000     
   1.50000000000000        1.50000000000000        1.50000000000000     
   1.50000000000000        1.50000000000000     
  0.000000000000000E+000
  0.000000000000000E+000
   1066274.03811897     
   1038081.37266082     
  0.000000000000000E+000
   1241139.09150785     
   1293951.84732837     
  0.000000000000000E+000
  0.000000000000000E+000
  0.000000000000000E+000
  0.000000000000000E+000
  0.000000000000000E+000
  0.000000000000000E+000
  0.000000000000000E+000
   1519162.29494254     
  0.000000000000000E+000
