           1
          11
 rho_tor
  0.100000000000000     
  0.000000000000000E+000  0.100000000000000       0.200000000000000     
  0.300000000000000       0.400000000000000       0.500000000000000     
  0.600000000000000       0.700000000000000       0.800000000000000     
  0.900000000000000        1.00000000000000     
   1.99274661295753        1.95412241056443        1.76024168874699     
   1.48315073261884        1.18020107288668       0.867313561506336     
  0.600721320819560       0.389889010717740       0.225185762765077     
  0.112824497713661       2.320999154670765E-002
   1.99274661295753        1.95412241056443        1.76024168874699     
   1.48315073261884        1.18020107288668       0.867313561506336     
  0.600721320819560       0.389889010717740       0.225185762765077     
  0.112824497713661       2.320999154670766E-002
   65210161690806.1        64022245121442.5        62114309295327.7     
   58482969838251.0        54614782850692.9        51457205475772.7     
   49470495666415.7        47309420952563.7        46653106795450.8     
   45564261397080.9        18593606343373.0     
  0.000000000000000E+000  0.000000000000000E+000  0.000000000000000E+000
  0.000000000000000E+000  0.000000000000000E+000  0.000000000000000E+000
  0.000000000000000E+000  0.000000000000000E+000  0.000000000000000E+000
  0.000000000000000E+000  0.000000000000000E+000
   1.50000000000000        1.50000000000000        1.50000000000000     
   1.50000000000000        1.50000000000000        1.50000000000000     
   1.50000000000000        1.50000000000000        1.50000000000000     
   1.50000000000000        1.50000000000000     
  0.000000000000000E+000
  0.000000000000000E+000
  0.000000000000000E+000
  0.000000000000000E+000
  0.000000000000000E+000
   1269806.72690115     
   1328760.00000000     
  0.000000000000000E+000
   1726330.03821311     
   1588766.85190115     
  0.000000000000000E+000
  0.000000000000000E+000
  0.000000000000000E+000
  0.000000000000000E+000
   1486397.07538005     
  0.000000000000000E+000
