           1
          11
 rho_tor
  0.100000000000000     
  0.000000000000000E+000  0.100000000000000       0.200000000000000     
  0.300000000000000       0.400000000000000       0.500000000000000     
  0.600000000000000       0.700000000000000       0.800000000000000     
  0.900000000000000        1.00000000000000     
   2.31026623832733        2.26539426562709        2.01409575132053     
   1.65688448595733        1.29287471260118       0.927114572017227     
  0.624431832376614       0.402343984990022       0.245194167895539     
  0.135522350061128       4.939946188170795E-002
   2.31026623832732        2.26539426562709        2.01409575132053     
   1.65688448595733        1.29287471260118       0.927114572017227     
  0.624431832376614       0.402343984990022       0.245194167895539     
  0.135522350061128       4.939946188170796E-002
   44670073817874.9        44183627309496.7        43337186740118.9     
   41722516044462.2        39887936519698.3        38570241395795.5     
   38917907579641.5        40584293145676.1        41856114232385.6     
   37612030984180.0        18129912707389.5     
  0.000000000000000E+000  0.000000000000000E+000  0.000000000000000E+000
  0.000000000000000E+000  0.000000000000000E+000  0.000000000000000E+000
  0.000000000000000E+000  0.000000000000000E+000  0.000000000000000E+000
  0.000000000000000E+000  0.000000000000000E+000
   1.50000000000000        1.50000000000000        1.50000000000000     
   1.50000000000000        1.50000000000000        1.50000000000000     
   1.50000000000000        1.50000000000000        1.50000000000000     
   1.50000000000000        1.50000000000000     
  0.000000000000000E+000
  0.000000000000000E+000
   1080258.10200386     
   1044264.07910308     
  0.000000000000000E+000
  0.000000000000000E+000
   1332808.29484733     
  0.000000000000000E+000
   1714031.17557259     
   1584631.58024809     
  0.000000000000000E+000
  0.000000000000000E+000
  0.000000000000000E+000
  0.000000000000000E+000
   1484401.32833958     
  0.000000000000000E+000
