           1
          11
 rho_tor
  0.100000000000000     
  0.000000000000000E+000  0.100000000000000       0.200000000000000     
  0.300000000000000       0.400000000000000       0.500000000000000     
  0.600000000000000       0.700000000000000       0.800000000000000     
  0.900000000000000        1.00000000000000     
   2.44562176032396        2.34589066235947        1.89809462188784     
   1.40347080437943       0.998491840144030       0.657272941697583     
  0.408616421987576       0.248855169020459       0.149061651258292     
  8.232791905533265E-002  2.992868383755814E-002
   2.44562176032396        2.34589066235947        1.89809462188785     
   1.40347080437943       0.998491840144030       0.657272941697583     
  0.408616421987576       0.248855169020459       0.149061651258292     
  8.232791905533265E-002  2.992868383755815E-002
   32477834713560.9        32330509652497.8        31977294380289.2     
   30956639067911.5        29307729848457.3        28017766198658.3     
   28725952105488.7        29463435910021.5        28019592372538.7     
   22637145210265.2        10448660581944.7     
  0.000000000000000E+000  0.000000000000000E+000  0.000000000000000E+000
  0.000000000000000E+000  0.000000000000000E+000  0.000000000000000E+000
  0.000000000000000E+000  0.000000000000000E+000  0.000000000000000E+000
  0.000000000000000E+000  0.000000000000000E+000
   1.50000000000000        1.50000000000000        1.50000000000000     
   1.50000000000000        1.50000000000000        1.50000000000000     
   1.50000000000000        1.50000000000000        1.50000000000000     
   1.50000000000000        1.50000000000000     
  0.000000000000000E+000
  0.000000000000000E+000
  0.000000000000000E+000
  0.000000000000000E+000
  0.000000000000000E+000
  0.000000000000000E+000
  0.000000000000000E+000
  0.000000000000000E+000
  0.000000000000000E+000
  0.000000000000000E+000
  0.000000000000000E+000
  0.000000000000000E+000
  0.000000000000000E+000
  0.000000000000000E+000
  0.000000000000000E+000
  0.000000000000000E+000
