           1
          11
 rho_tor
  0.100000000000000     
  0.000000000000000E+000  0.100000000000000       0.200000000000000     
  0.300000000000000       0.400000000000000       0.500000000000000     
  0.600000000000000       0.700000000000000       0.800000000000000     
  0.900000000000000        1.00000000000000     
   1.55658175977617        1.53619485859971        1.42251576387707     
   1.21422475330999       0.942314696904171       0.666936273359757     
  0.438713616110562       0.276404881118391       0.168206027934213     
  9.396463274349506E-002  3.603131874978079E-002
   1.55658175977617        1.53619485859971        1.42251576387707     
   1.21422475330999       0.942314696904171       0.666936273359757     
  0.438713616110562       0.276404881118391       0.168206027934212     
  9.396463274349506E-002  3.603131874978079E-002
   31658588535803.4        31660037678355.2        31535437705835.4     
   30784898931931.4        29234546414689.6        27619018355929.0     
   27655006170731.4        28285979659686.5        27300599767562.2     
   22468040673769.1        10516320918006.7     
  0.000000000000000E+000  0.000000000000000E+000  0.000000000000000E+000
  0.000000000000000E+000  0.000000000000000E+000  0.000000000000000E+000
  0.000000000000000E+000  0.000000000000000E+000  0.000000000000000E+000
  0.000000000000000E+000  0.000000000000000E+000
   1.50000000000000        1.50000000000000        1.50000000000000     
   1.50000000000000        1.50000000000000        1.50000000000000     
   1.50000000000000        1.50000000000000        1.50000000000000     
   1.50000000000000        1.50000000000000     
  0.000000000000000E+000
  0.000000000000000E+000
  0.000000000000000E+000
  0.000000000000000E+000
  0.000000000000000E+000
  0.000000000000000E+000
  0.000000000000000E+000
  0.000000000000000E+000
  0.000000000000000E+000
  0.000000000000000E+000
  0.000000000000000E+000
  0.000000000000000E+000
  0.000000000000000E+000
  0.000000000000000E+000
  0.000000000000000E+000
  0.000000000000000E+000
