           1
          11
 rho_tor
  0.100000000000000     
  0.000000000000000E+000  0.100000000000000       0.200000000000000     
  0.300000000000000       0.400000000000000       0.500000000000000     
  0.600000000000000       0.700000000000000       0.800000000000000     
  0.900000000000000        1.00000000000000     
   2.14738258831040        2.11760149595494        1.94800138873525     
   1.67889517218008        1.36617111937419        1.03236379811978     
  0.735774767112514       0.495144417365070       0.296749358509148     
  0.157892632527494       3.381102248065761E-002
   2.14738258831040        2.11760149595494        1.94800138873525     
   1.67889517218008        1.36617111937419        1.03236379811978     
  0.735774767112514       0.495144417365070       0.296749358509148     
  0.157892632527494       3.381102248065761E-002
   69775519416446.7        68831000499350.1        67401192089568.5     
   64025706050672.7        59424534647410.5        54738109639029.5     
   52689938831194.0        50889010493496.5        48461762539968.1     
   47753877281363.7        15862744759280.6     
  0.000000000000000E+000  0.000000000000000E+000  0.000000000000000E+000
  0.000000000000000E+000  0.000000000000000E+000  0.000000000000000E+000
  0.000000000000000E+000  0.000000000000000E+000  0.000000000000000E+000
  0.000000000000000E+000  0.000000000000000E+000
   1.50000000000000        1.50000000000000        1.50000000000000     
   1.50000000000000        1.50000000000000        1.50000000000000     
   1.50000000000000        1.50000000000000        1.50000000000000     
   1.50000000000000        1.50000000000000     
  0.000000000000000E+000
  0.000000000000000E+000
   1070381.92081750     
   1030428.13075097     
  0.000000000000000E+000
   1263631.20893539     
  0.000000000000000E+000
  0.000000000000000E+000
   1701763.80209130     
   1580527.50570346     
   1788961.33393539     
   1806529.96216735     
  0.000000000000000E+000
  0.000000000000000E+000
   1480320.47908754     
  0.000000000000000E+000
