           1
          11
 rho_tor
  0.100000000000000     
  0.000000000000000E+000  0.100000000000000       0.200000000000000     
  0.300000000000000       0.400000000000000       0.500000000000000     
  0.600000000000000       0.700000000000000       0.800000000000000     
  0.900000000000000        1.00000000000000     
   1.52929802377152        1.51502870047003        1.41927097460635     
   1.22659415008159       0.968155307786231       0.707016871050123     
  0.481233722529331       0.308026240727154       0.183347081673553     
  9.455626037175219E-002  2.054069759315955E-002
   1.52929802377152        1.51502870047003        1.41927097460635     
   1.22659415008159       0.968155307786231       0.707016871050123     
  0.481233722529331       0.308026240727154       0.183347081673553     
  9.455626037175219E-002  2.054069759315955E-002
   31525235039218.0        31485255835789.4        31288406043817.2     
   30492287398041.3        29056709112612.2        27547657448655.7     
   27299040125930.1        27573310821174.8        26535611431172.9     
   22246788921188.5        9388655983928.81     
  0.000000000000000E+000  0.000000000000000E+000  0.000000000000000E+000
  0.000000000000000E+000  0.000000000000000E+000  0.000000000000000E+000
  0.000000000000000E+000  0.000000000000000E+000  0.000000000000000E+000
  0.000000000000000E+000  0.000000000000000E+000
   1.50000000000000        1.50000000000000        1.50000000000000     
   1.50000000000000        1.50000000000000        1.50000000000000     
   1.50000000000000        1.50000000000000        1.50000000000000     
   1.50000000000000        1.50000000000000     
  0.000000000000000E+000
  0.000000000000000E+000
  0.000000000000000E+000
  0.000000000000000E+000
  0.000000000000000E+000
  0.000000000000000E+000
  0.000000000000000E+000
  0.000000000000000E+000
  0.000000000000000E+000
  0.000000000000000E+000
  0.000000000000000E+000
  0.000000000000000E+000
  0.000000000000000E+000
  0.000000000000000E+000
  0.000000000000000E+000
  0.000000000000000E+000
