           1
          11
 rho_tor
  0.100000000000000     
  0.000000000000000E+000  0.100000000000000       0.200000000000000     
  0.300000000000000       0.400000000000000       0.500000000000000     
  0.600000000000000       0.700000000000000       0.800000000000000     
  0.900000000000000        1.00000000000000     
   1.93097004497138        1.89278854751056        1.70098208849204     
   1.42683886468219        1.13032549810078       0.829908127033019     
  0.579773977905729       0.388590461492878       0.242334819973271     
  0.139410055207097       2.170435037579463E-002
   1.93097004497138        1.89278854751056        1.70098208849204     
   1.42683886468219        1.13032549810078       0.829908127033019     
  0.579773977905729       0.388590461492878       0.242334819973271     
  0.139410055207097       2.170435037579463E-002
   64279412030901.9        63447609925127.3        62167313136460.5     
   59669145152945.8        56610429796378.0        53456357417107.2     
   52031418406551.1        50821446403500.6        50282261788203.9     
   44228619921068.5        10276555716647.0     
  0.000000000000000E+000  0.000000000000000E+000  0.000000000000000E+000
  0.000000000000000E+000  0.000000000000000E+000  0.000000000000000E+000
  0.000000000000000E+000  0.000000000000000E+000  0.000000000000000E+000
  0.000000000000000E+000  0.000000000000000E+000
   1.50000000000000        1.50000000000000        1.50000000000000     
   1.50000000000000        1.50000000000000        1.50000000000000     
   1.50000000000000        1.50000000000000        1.50000000000000     
   1.50000000000000        1.50000000000000     
  0.000000000000000E+000
  0.000000000000000E+000
   949880.942966372     
   937463.885837419     
  0.000000000000000E+000
   1263606.29657792     
   1324623.14828896     
  0.000000000000000E+000
  0.000000000000000E+000
  0.000000000000000E+000
  0.000000000000000E+000
  0.000000000000000E+000
  0.000000000000000E+000
  0.000000000000000E+000
   1478231.86330772     
  0.000000000000000E+000
