           1
          11
 rho_tor
  0.100000000000000     
  0.000000000000000E+000  0.100000000000000       0.200000000000000     
  0.300000000000000       0.400000000000000       0.500000000000000     
  0.600000000000000       0.700000000000000       0.800000000000000     
  0.900000000000000        1.00000000000000     
   2.25645655454841        2.20121082523672        1.90986335481510     
   1.52094975231893        1.15178861223914       0.802890059657654     
  0.529649083083480       0.339428144301431       0.209237968429548     
  0.118375538907407       4.412609487745626E-002
   2.25645655454841        2.20121082523672        1.90986335481510     
   1.52094975231893        1.15178861223914       0.802890059657654     
  0.529649083083480       0.339428144301431       0.209237968429548     
  0.118375538907407       4.412609487745627E-002
   41755147903112.9        41630548162480.7        41329758188270.1     
   40335579130370.2        38558569721595.2        36777222917529.8     
   36875278684979.5        37231749406704.3        36120585735926.0     
   30062925975046.6        13832375225345.2     
  0.000000000000000E+000  0.000000000000000E+000  0.000000000000000E+000
  0.000000000000000E+000  0.000000000000000E+000  0.000000000000000E+000
  0.000000000000000E+000  0.000000000000000E+000  0.000000000000000E+000
  0.000000000000000E+000  0.000000000000000E+000
   1.50000000000000        1.50000000000000        1.50000000000000     
   1.50000000000000        1.50000000000000        1.50000000000000     
   1.50000000000000        1.50000000000000        1.50000000000000     
   1.50000000000000        1.50000000000000     
  0.000000000000000E+000
  0.000000000000000E+000
  0.000000000000000E+000
  0.000000000000000E+000
  0.000000000000000E+000
   1271818.18564628     
   1334892.45646383     
  0.000000000000000E+000
  0.000000000000000E+000
  0.000000000000000E+000
  0.000000000000000E+000
  0.000000000000000E+000
  0.000000000000000E+000
  0.000000000000000E+000
   1472152.50503760     
  0.000000000000000E+000
