           1
          11
 rho_tor
  0.100000000000000     
  0.000000000000000E+000  0.100000000000000       0.200000000000000     
  0.300000000000000       0.400000000000000       0.500000000000000     
  0.600000000000000       0.700000000000000       0.800000000000000     
  0.900000000000000        1.00000000000000     
   2.14947118026444        2.11962085778173        1.94867982571060     
   1.67781243040810        1.36468439610509        1.03295387053788     
  0.738755615051922       0.498325428396785       0.299668628022144     
  0.159884083578937       2.000000000000000E-002
   2.14947118026444        2.11962085778173        1.94867982571060     
   1.67781243040811        1.36468439610509        1.03295387053788     
  0.738755615051922       0.498325428396785       0.299668628022144     
  0.159884083578937       2.000000000000000E-002
   69613483606186.1        68638990406528.1        67181009028242.2     
   63822228559700.1        59315809336956.1        54661831622638.8     
   52066171297347.0        49890758320260.3        47880301165599.5     
   46114041774704.8        13020336756504.8     
  0.000000000000000E+000  0.000000000000000E+000  0.000000000000000E+000
  0.000000000000000E+000  0.000000000000000E+000  0.000000000000000E+000
  0.000000000000000E+000  0.000000000000000E+000  0.000000000000000E+000
  0.000000000000000E+000  0.000000000000000E+000
   1.50000000000000        1.50000000000000        1.50000000000000     
   1.50000000000000        1.50000000000000        1.50000000000000     
   1.50000000000000        1.50000000000000        1.50000000000000     
   1.50000000000000        1.50000000000000     
  0.000000000000000E+000
  0.000000000000000E+000
   1072323.03422063     
   1032396.02281367     
  0.000000000000000E+000
   1261644.91254744     
  0.000000000000000E+000
  0.000000000000000E+000
   1705856.85190115     
   1580515.04942956     
   1786916.25874504     
   1810523.84030421     
  0.000000000000000E+000
  0.000000000000000E+000
   1478250.61596924     
  0.000000000000000E+000
