           1
          11
 rho_tor
  0.100000000000000     
  0.000000000000000E+000  0.100000000000000       0.200000000000000     
  0.300000000000000       0.400000000000000       0.500000000000000     
  0.600000000000000       0.700000000000000       0.800000000000000     
  0.900000000000000        1.00000000000000     
   3.90776539779409        3.69195953997780        2.77634443848786     
   1.88007512848661        1.25744216582679       0.774574100559724     
  0.449636245150881       0.258604210529080       0.146003853270343     
  7.821938172303171E-002  2.405467937580751E-002
   3.90776539779409        3.69195953997780        2.77634443848786     
   1.88007512848661        1.25744216582679       0.774574100559724     
  0.449636245150881       0.258604210529080       0.146003853270343     
  7.821938172303171E-002  2.405467937580751E-002
   36441282228993.3        37053124096599.8        37873043902931.3     
   37995506851536.8        36157736868884.3        33646941800234.8     
   34418871155309.5        35025228585220.3        34288182059700.4     
   29254038234202.9        11625948800948.9     
  0.000000000000000E+000  0.000000000000000E+000  0.000000000000000E+000
  0.000000000000000E+000  0.000000000000000E+000  0.000000000000000E+000
  0.000000000000000E+000  0.000000000000000E+000  0.000000000000000E+000
  0.000000000000000E+000  0.000000000000000E+000
   1.50000000000000        1.50000000000000        1.50000000000000     
   1.50000000000000        1.50000000000000        1.50000000000000     
   1.50000000000000        1.50000000000000        1.50000000000000     
   1.50000000000000        1.50000000000000     
  0.000000000000000E+000
  0.000000000000000E+000
  0.000000000000000E+000
  0.000000000000000E+000
  0.000000000000000E+000
  0.000000000000000E+000
  0.000000000000000E+000
  0.000000000000000E+000
  0.000000000000000E+000
  0.000000000000000E+000
  0.000000000000000E+000
  0.000000000000000E+000
  0.000000000000000E+000
  0.000000000000000E+000
  0.000000000000000E+000
  0.000000000000000E+000
