           1
          11
 rho_tor
  0.100000000000000     
  0.000000000000000E+000  0.100000000000000       0.200000000000000     
  0.300000000000000       0.400000000000000       0.500000000000000     
  0.600000000000000       0.700000000000000       0.800000000000000     
  0.900000000000000        1.00000000000000     
   2.29816346551354        2.24280684487433        1.94507900273767     
   1.54636645473543        1.16959358829662       0.812531378673666     
  0.534618568813055       0.344888781907128       0.214572219097597     
  0.122826060822875       4.688567873413798E-002
   2.29816346551354        2.24280684487433        1.94507900273767     
   1.54636645473543        1.16959358829662       0.812531378673666     
  0.534618568813055       0.344888781907128       0.214572219097597     
  0.122826060822875       4.688567873413799E-002
   39337030313907.6        39361072142422.6        39288148581325.8     
   38535588768738.4        36795008430431.5        34991087165238.7     
   35427197672722.9        35678333372638.9        34011157243839.7     
   28110840761130.7        12412899329515.4     
  0.000000000000000E+000  0.000000000000000E+000  0.000000000000000E+000
  0.000000000000000E+000  0.000000000000000E+000  0.000000000000000E+000
  0.000000000000000E+000  0.000000000000000E+000  0.000000000000000E+000
  0.000000000000000E+000  0.000000000000000E+000
   1.50000000000000        1.50000000000000        1.50000000000000     
   1.50000000000000        1.50000000000000        1.50000000000000     
   1.50000000000000        1.50000000000000        1.50000000000000     
   1.50000000000000        1.50000000000000     
  0.000000000000000E+000
  0.000000000000000E+000
  0.000000000000000E+000
  0.000000000000000E+000
  0.000000000000000E+000
   1271790.12500000     
   1341000.00000000     
  0.000000000000000E+000
  0.000000000000000E+000
  0.000000000000000E+000
  0.000000000000000E+000
  0.000000000000000E+000
  0.000000000000000E+000
  0.000000000000000E+000
   1515150.00000000     
  0.000000000000000E+000
