           1
          11
 rho_tor
  0.100000000000000     
  0.000000000000000E+000  0.100000000000000       0.200000000000000     
  0.300000000000000       0.400000000000000       0.500000000000000     
  0.600000000000000       0.700000000000000       0.800000000000000     
  0.900000000000000        1.00000000000000     
   3.89540159894502        3.67858907995301        2.76519690868742     
   1.87274525552045        1.25266220431519       0.773346136464185     
  0.451227042919262       0.263131817034030       0.153784918856038     
  8.741004766121095E-002  3.222707446562734E-002
   3.89540159894502        3.67858907995300        2.76519690868742     
   1.87274525552045        1.25266220431519       0.773346136464185     
  0.451227042919262       0.263131817034030       0.153784918856038     
  8.741004766121095E-002  3.222707446562735E-002
   36306754389099.7        36887109536695.4        37701111291491.9     
   37843265456933.6        35988002129899.2        33382396064057.1     
   33873717334781.1        34341313896708.1        33283687955542.8     
   26961324964798.7        10236687795967.8     
  0.000000000000000E+000  0.000000000000000E+000  0.000000000000000E+000
  0.000000000000000E+000  0.000000000000000E+000  0.000000000000000E+000
  0.000000000000000E+000  0.000000000000000E+000  0.000000000000000E+000
  0.000000000000000E+000  0.000000000000000E+000
   1.50000000000000        1.50000000000000        1.50000000000000     
   1.50000000000000        1.50000000000000        1.50000000000000     
   1.50000000000000        1.50000000000000        1.50000000000000     
   1.50000000000000        1.50000000000000     
  0.000000000000000E+000
  0.000000000000000E+000
  0.000000000000000E+000
  0.000000000000000E+000
  0.000000000000000E+000
  0.000000000000000E+000
  0.000000000000000E+000
  0.000000000000000E+000
  0.000000000000000E+000
  0.000000000000000E+000
  0.000000000000000E+000
  0.000000000000000E+000
  0.000000000000000E+000
  0.000000000000000E+000
  0.000000000000000E+000
  0.000000000000000E+000
