           1
          11
 rho_tor
  0.100000000000000     
  0.000000000000000E+000  0.100000000000000       0.200000000000000     
  0.300000000000000       0.400000000000000       0.500000000000000     
  0.600000000000000       0.700000000000000       0.800000000000000     
  0.900000000000000        1.00000000000000     
   1.29460183763493        1.28076024780111        1.19995752528014     
   1.05792995729510       0.872308652032503       0.675986386995952     
  0.495317224109165       0.338773967243636       0.210842061713035     
  0.110500448637712       2.000000000000000E-002
   1.29460183763493        1.28076024780111        1.19995752528014     
   1.05792995729510       0.872308652032503       0.675986386995952     
  0.495317224109165       0.338773967243636       0.210842061713035     
  0.110500448637712       2.000000000000000E-002
   26077308824785.9        25565328162875.7        24816033062410.3     
   23591952676323.9        22762135240644.9        22725998977909.0     
   22845272072347.2        22658557341164.5        21938288411188.3     
   18805501297580.7        8115841142251.78     
  0.000000000000000E+000  0.000000000000000E+000  0.000000000000000E+000
  0.000000000000000E+000  0.000000000000000E+000  0.000000000000000E+000
  0.000000000000000E+000  0.000000000000000E+000  0.000000000000000E+000
  0.000000000000000E+000  0.000000000000000E+000
   1.50000000000000        1.50000000000000        1.50000000000000     
   1.50000000000000        1.50000000000000        1.50000000000000     
   1.50000000000000        1.50000000000000        1.50000000000000     
   1.50000000000000        1.50000000000000     
  0.000000000000000E+000
  0.000000000000000E+000
  0.000000000000000E+000
  0.000000000000000E+000
  0.000000000000000E+000
  0.000000000000000E+000
  0.000000000000000E+000
  0.000000000000000E+000
  0.000000000000000E+000
  0.000000000000000E+000
  0.000000000000000E+000
  0.000000000000000E+000
  0.000000000000000E+000
  0.000000000000000E+000
  0.000000000000000E+000
  0.000000000000000E+000
