           1
          11
 rho_tor
  0.100000000000000     
  0.000000000000000E+000  0.100000000000000       0.200000000000000     
  0.300000000000000       0.400000000000000       0.500000000000000     
  0.600000000000000       0.700000000000000       0.800000000000000     
  0.900000000000000        1.00000000000000     
  0.765545503332444       0.742640392295219       0.676074773892427     
  0.605824578435497       0.519611797668441       0.434654975036028     
  0.360403599259333       0.289692649907151       0.229014871109670     
  0.177166530437554       0.120000000000000     
  0.765545503332444       0.742640392295219       0.676074773892428     
  0.605824578435497       0.519611797668441       0.434654975036028     
  0.360403599259333       0.289692649907151       0.229014871109670     
  0.177166530437554       0.120000000000000     
   17228136750804.1        16220272404617.1        14722480038638.1     
   12266099775246.5        10338213095298.2        9384795611436.52     
   7912304183691.04        6176499213457.07        5552545533032.00     
   3779044640864.59        1534230588055.32     
  0.000000000000000E+000  0.000000000000000E+000  0.000000000000000E+000
  0.000000000000000E+000  0.000000000000000E+000  0.000000000000000E+000
  0.000000000000000E+000  0.000000000000000E+000  0.000000000000000E+000
  0.000000000000000E+000  0.000000000000000E+000
   1.50000000000000        1.50000000000000        1.50000000000000     
   1.50000000000000        1.50000000000000        1.50000000000000     
   1.50000000000000        1.50000000000000        1.50000000000000     
   1.50000000000000        1.50000000000000     
  0.000000000000000E+000
  0.000000000000000E+000
  0.000000000000000E+000
  0.000000000000000E+000
  0.000000000000000E+000
  0.000000000000000E+000
  0.000000000000000E+000
  0.000000000000000E+000
  0.000000000000000E+000
  0.000000000000000E+000
  0.000000000000000E+000
  0.000000000000000E+000
  0.000000000000000E+000
  0.000000000000000E+000
  0.000000000000000E+000
  0.000000000000000E+000
