           1
          11
 rho_tor
  0.100000000000000     
  0.000000000000000E+000  0.100000000000000       0.200000000000000     
  0.300000000000000       0.400000000000000       0.500000000000000     
  0.600000000000000       0.700000000000000       0.800000000000000     
  0.900000000000000        1.00000000000000     
   3.88997122381905        3.67618566925115        2.77624222879161     
   1.89064072256459        1.27041347846553       0.793570229490552     
  0.469986832167716       0.276700141185164       0.160479355244535     
  8.510770243823289E-002  2.000000000000000E-002
   3.88997122381905        3.67618566925115        2.77624222879161     
   1.89064072256459        1.27041347846553       0.793570229490552     
  0.469986832167716       0.276700141185164       0.160479355244535     
  8.510770243823289E-002  2.000000000000000E-002
   36559190797199.8        36822520473102.7        37096362934136.1     
   36593693292411.0        34559144154403.7        31975533861959.9     
   31676693044327.5        31795743550232.3        30661861351414.3     
   24490947811084.7        9953811200428.94     
  0.000000000000000E+000  0.000000000000000E+000  0.000000000000000E+000
  0.000000000000000E+000  0.000000000000000E+000  0.000000000000000E+000
  0.000000000000000E+000  0.000000000000000E+000  0.000000000000000E+000
  0.000000000000000E+000  0.000000000000000E+000
   1.50000000000000        1.50000000000000        1.50000000000000     
   1.50000000000000        1.50000000000000        1.50000000000000     
   1.50000000000000        1.50000000000000        1.50000000000000     
   1.50000000000000        1.50000000000000     
  0.000000000000000E+000
  0.000000000000000E+000
  0.000000000000000E+000
  0.000000000000000E+000
  0.000000000000000E+000
  0.000000000000000E+000
  0.000000000000000E+000
  0.000000000000000E+000
  0.000000000000000E+000
  0.000000000000000E+000
  0.000000000000000E+000
  0.000000000000000E+000
  0.000000000000000E+000
  0.000000000000000E+000
  0.000000000000000E+000
  0.000000000000000E+000
