           1
          11
 rho_tor
  0.100000000000000     
  0.000000000000000E+000  0.100000000000000       0.200000000000000     
  0.300000000000000       0.400000000000000       0.500000000000000     
  0.600000000000000       0.700000000000000       0.800000000000000     
  0.900000000000000        1.00000000000000     
   1.98729137511284        1.94834675617749        1.75282546590660     
   1.47402434579292        1.17218722992105       0.865132296845835     
  0.608307050995288       0.410528102400381       0.260544859720016     
  0.152249938730856       6.361005589792441E-002
   1.98729137511284        1.94834675617749        1.75282546590660     
   1.47402434579292        1.17218722992105       0.865132296845835     
  0.608307050995288       0.410528102400381       0.260544859720016     
  0.152249938730856       6.361005589792443E-002
   65664040334099.8        64559246088367.0        62735538965400.5     
   59298122008921.8        55715345882708.8        52960841659093.3     
   51177326654195.5        49793263489872.6        48217740738510.6     
   41799731404019.6        18657010883522.5     
  0.000000000000000E+000  0.000000000000000E+000  0.000000000000000E+000
  0.000000000000000E+000  0.000000000000000E+000  0.000000000000000E+000
  0.000000000000000E+000  0.000000000000000E+000  0.000000000000000E+000
  0.000000000000000E+000  0.000000000000000E+000
   1.50000000000000        1.50000000000000        1.50000000000000     
   1.50000000000000        1.50000000000000        1.50000000000000     
   1.50000000000000        1.50000000000000        1.50000000000000     
   1.50000000000000        1.50000000000000     
  0.000000000000000E+000
  0.000000000000000E+000
  0.000000000000000E+000
  0.000000000000000E+000
  0.000000000000000E+000
   1271785.45314887     
   1330736.78349238     
  0.000000000000000E+000
   1726354.92375964     
   1590746.90849238     
  0.000000000000000E+000
  0.000000000000000E+000
  0.000000000000000E+000
  0.000000000000000E+000
   1484391.91603045     
  0.000000000000000E+000
