           1
          11
 rho_tor
  0.100000000000000     
  0.000000000000000E+000  0.100000000000000       0.200000000000000     
  0.300000000000000       0.400000000000000       0.500000000000000     
  0.600000000000000       0.700000000000000       0.800000000000000     
  0.900000000000000        1.00000000000000     
   1.87551798830033        1.83704580897636        1.64493592858083     
   1.37150243590707        1.08023038678297       0.790668315451408     
  0.549516558186517       0.363115849606500       0.221698282380459     
  0.124829967916694       4.043013283277404E-002
   1.87551798830033        1.83704580897636        1.64493592858083     
   1.37150243590707        1.08023038678297       0.790668315451408     
  0.549516558186517       0.363115849606500       0.221698282380459     
  0.124829967916694       4.043013283277404E-002
   64167728426171.6        63487271253255.0        62398131430338.3     
   60068516697906.1        57027844776084.3        53737052830099.1     
   51503397035799.6        49795153596793.2        49563865949175.1     
   46921994065485.8        17119624879764.7     
  0.000000000000000E+000  0.000000000000000E+000  0.000000000000000E+000
  0.000000000000000E+000  0.000000000000000E+000  0.000000000000000E+000
  0.000000000000000E+000  0.000000000000000E+000  0.000000000000000E+000
  0.000000000000000E+000  0.000000000000000E+000
   1.50000000000000        1.50000000000000        1.50000000000000     
   1.50000000000000        1.50000000000000        1.50000000000000     
   1.50000000000000        1.50000000000000        1.50000000000000     
   1.50000000000000        1.50000000000000     
  0.000000000000000E+000
  0.000000000000000E+000
  0.000000000000000E+000
  0.000000000000000E+000
  0.000000000000000E+000
  0.000000000000000E+000
  0.000000000000000E+000
  0.000000000000000E+000
   1656540.00000000     
   1535400.12500000     
   1680120.12500000     
   1753020.12500000     
  0.000000000000000E+000
  0.000000000000000E+000
   1480230.00000000     
  0.000000000000000E+000
