           1
          11
 rho_tor
  0.100000000000000     
  0.000000000000000E+000  0.100000000000000       0.200000000000000     
  0.300000000000000       0.400000000000000       0.500000000000000     
  0.600000000000000       0.700000000000000       0.800000000000000     
  0.900000000000000        1.00000000000000     
   3.94751265610310        3.72492131447234        2.78137686671674     
   1.86789025173597        1.24570761958242       0.768666372909127     
  0.450899049283680       0.264312005952974       0.155080116960118     
  9.131682481481943E-002  4.136593047277497E-002
   3.94751265610310        3.72492131447234        2.78137686671674     
   1.86789025173597        1.24570761958242       0.768666372909127     
  0.450899049283680       0.264312005952974       0.155080116960118     
  9.131682481481943E-002  4.136593047277497E-002
   35615643349194.4        36381744877309.5        37536617717264.3     
   38231482963335.7        36784769912275.1        34244672452182.4     
   34997933707362.2        35364365137263.2        34781583630356.6     
   30463581181637.2        11658711001530.2     
  0.000000000000000E+000  0.000000000000000E+000  0.000000000000000E+000
  0.000000000000000E+000  0.000000000000000E+000  0.000000000000000E+000
  0.000000000000000E+000  0.000000000000000E+000  0.000000000000000E+000
  0.000000000000000E+000  0.000000000000000E+000
   1.50000000000000        1.50000000000000        1.50000000000000     
   1.50000000000000        1.50000000000000        1.50000000000000     
   1.50000000000000        1.50000000000000        1.50000000000000     
   1.50000000000000        1.50000000000000     
  0.000000000000000E+000
  0.000000000000000E+000
  0.000000000000000E+000
  0.000000000000000E+000
  0.000000000000000E+000
  0.000000000000000E+000
  0.000000000000000E+000
  0.000000000000000E+000
  0.000000000000000E+000
  0.000000000000000E+000
  0.000000000000000E+000
  0.000000000000000E+000
  0.000000000000000E+000
  0.000000000000000E+000
  0.000000000000000E+000
  0.000000000000000E+000
