           1
          11
 rho_tor
  0.100000000000000     
  0.000000000000000E+000  0.100000000000000       0.200000000000000     
  0.300000000000000       0.400000000000000       0.500000000000000     
  0.600000000000000       0.700000000000000       0.800000000000000     
  0.900000000000000        1.00000000000000     
   1.96669725633812        1.92744246772746        1.72970944659616     
   1.44871501844558        1.14688880811878       0.835633739476049     
  0.573405372970273       0.371550321864246       0.216845400554121     
  0.115247908963320       2.831652443637889E-002
   1.96669725633812        1.92744246772746        1.72970944659616     
   1.44871501844559        1.14688880811878       0.835633739476049     
  0.573405372970273       0.371550321864246       0.216845400554121     
  0.115247908963320       2.831652443637890E-002
   65377801421615.5        64302977869169.9        62609248933325.5     
   59442244971437.9        55935420908018.5        52865068695594.2     
   51773086343834.6        50197787865912.2        50687318271543.7     
   50540207574656.2        17689612625662.9     
  0.000000000000000E+000  0.000000000000000E+000  0.000000000000000E+000
  0.000000000000000E+000  0.000000000000000E+000  0.000000000000000E+000
  0.000000000000000E+000  0.000000000000000E+000  0.000000000000000E+000
  0.000000000000000E+000  0.000000000000000E+000
   1.50000000000000        1.50000000000000        1.50000000000000     
   1.50000000000000        1.50000000000000        1.50000000000000     
   1.50000000000000        1.50000000000000        1.50000000000000     
   1.50000000000000        1.50000000000000     
  0.000000000000000E+000
  0.000000000000000E+000
  0.000000000000000E+000
  0.000000000000000E+000
  0.000000000000000E+000
   1267740.00000000     
   1328760.00000000     
  0.000000000000000E+000
   1726380.00000000     
   1590750.00000000     
  0.000000000000000E+000
  0.000000000000000E+000
  0.000000000000000E+000
  0.000000000000000E+000
   1488420.00000000     
  0.000000000000000E+000
