           1
          11
 rho_tor
  0.100000000000000     
  0.000000000000000E+000  0.100000000000000       0.200000000000000     
  0.300000000000000       0.400000000000000       0.500000000000000     
  0.600000000000000       0.700000000000000       0.800000000000000     
  0.900000000000000        1.00000000000000     
   1.24521682088669        1.23031031995605        1.14368225471310     
   1.00291743546975       0.839588979954116       0.679979559715898     
  0.532513159479991       0.390807346507924       0.257933362276923     
  0.158252182872366       2.000000000000000E-002
   1.24521682088669        1.23031031995605        1.14368225471310     
   1.00291743546975       0.839588979954116       0.679979559715898     
  0.532513159479991       0.390807346507924       0.257933362276923     
  0.158252182872366       2.000000000000000E-002
   17281423664126.4        16950976309660.4        16449072426992.4     
   15695107080892.7        15367085891279.3        15604732888822.5     
   14888220482678.8        13118711676031.6        12522338577644.4     
   12487808385843.9        1727983886888.50     
  0.000000000000000E+000  0.000000000000000E+000  0.000000000000000E+000
  0.000000000000000E+000  0.000000000000000E+000  0.000000000000000E+000
  0.000000000000000E+000  0.000000000000000E+000  0.000000000000000E+000
  0.000000000000000E+000  0.000000000000000E+000
   1.50000000000000        1.50000000000000        1.50000000000000     
   1.50000000000000        1.50000000000000        1.50000000000000     
   1.50000000000000        1.50000000000000        1.50000000000000     
   1.50000000000000        1.50000000000000     
  0.000000000000000E+000
  0.000000000000000E+000
  0.000000000000000E+000
  0.000000000000000E+000
  0.000000000000000E+000
  0.000000000000000E+000
  0.000000000000000E+000
  0.000000000000000E+000
  0.000000000000000E+000
  0.000000000000000E+000
  0.000000000000000E+000
  0.000000000000000E+000
  0.000000000000000E+000
  0.000000000000000E+000
  0.000000000000000E+000
  0.000000000000000E+000
