           1
          11
 rho_tor
  0.100000000000000     
  0.000000000000000E+000  0.100000000000000       0.200000000000000     
  0.300000000000000       0.400000000000000       0.500000000000000     
  0.600000000000000       0.700000000000000       0.800000000000000     
  0.900000000000000        1.00000000000000     
   1.94956276773890        1.91181122832583        1.71499043175411     
   1.43119209399117        1.13007240188109       0.828250805159595     
  0.580460202931762       0.391710405804069       0.245457088035806     
  0.137736623397919       3.663848817641104E-002
   1.94956276773890        1.91181122832583        1.71499043175412     
   1.43119209399117        1.13007240188109       0.828250805159595     
  0.580460202931762       0.391710405804069       0.245457088035806     
  0.137736623397919       3.663848817641105E-002
   66099126874163.3        64981945033094.1        63120769614010.7     
   59767412895067.2        56365831764560.4        53833876028571.1     
   52580990813969.1        50614124882691.3        48009301141656.3     
   40662918230577.1        14378010713020.6     
  0.000000000000000E+000  0.000000000000000E+000  0.000000000000000E+000
  0.000000000000000E+000  0.000000000000000E+000  0.000000000000000E+000
  0.000000000000000E+000  0.000000000000000E+000  0.000000000000000E+000
  0.000000000000000E+000  0.000000000000000E+000
   1.50000000000000        1.50000000000000        1.50000000000000     
   1.50000000000000        1.50000000000000        1.50000000000000     
   1.50000000000000        1.50000000000000        1.50000000000000     
   1.50000000000000        1.50000000000000     
  0.000000000000000E+000
  0.000000000000000E+000
  0.000000000000000E+000
  0.000000000000000E+000
  0.000000000000000E+000
   1273900.55000004     
   1330792.87500005     
  0.000000000000000E+000
   1724335.04942968     
   1590821.86330805     
  0.000000000000000E+000
  0.000000000000000E+000
  0.000000000000000E+000
  0.000000000000000E+000
   1490640.01093170     
  0.000000000000000E+000
