           1
          11
 rho_tor
  0.100000000000000     
  0.000000000000000E+000  0.100000000000000       0.200000000000000     
  0.300000000000000       0.400000000000000       0.500000000000000     
  0.600000000000000       0.700000000000000       0.800000000000000     
  0.900000000000000        1.00000000000000     
   3.93186806375128        3.71238398116525        2.78930268064214     
   1.89058755081094        1.26905494103255       0.788529677076618     
  0.463560707601988       0.270219690527206       0.155094582180781     
  8.551589603379123E-002  2.921504532495835E-002
   3.93186806375128        3.71238398116525        2.78930268064214     
   1.89058755081094        1.26905494103255       0.788529677076618     
  0.463560707601988       0.270219690527206       0.155094582180781     
  8.551589603379123E-002  2.921504532495836E-002
   36048625846829.7        36612078669463.5        37403628648747.9     
   37556672484453.0        35764933964325.9        33190833181712.0     
   33735817232537.5        34242511451227.2        33835870825920.7     
   28935459915661.2        11244201317291.8     
  0.000000000000000E+000  0.000000000000000E+000  0.000000000000000E+000
  0.000000000000000E+000  0.000000000000000E+000  0.000000000000000E+000
  0.000000000000000E+000  0.000000000000000E+000  0.000000000000000E+000
  0.000000000000000E+000  0.000000000000000E+000
   1.50000000000000        1.50000000000000        1.50000000000000     
   1.50000000000000        1.50000000000000        1.50000000000000     
   1.50000000000000        1.50000000000000        1.50000000000000     
   1.50000000000000        1.50000000000000     
  0.000000000000000E+000
  0.000000000000000E+000
  0.000000000000000E+000
  0.000000000000000E+000
  0.000000000000000E+000
  0.000000000000000E+000
  0.000000000000000E+000
  0.000000000000000E+000
  0.000000000000000E+000
  0.000000000000000E+000
  0.000000000000000E+000
  0.000000000000000E+000
  0.000000000000000E+000
  0.000000000000000E+000
   1035.49728983870     
  0.000000000000000E+000
