           1
          11
 rho_tor
  0.100000000000000     
  0.000000000000000E+000  0.100000000000000       0.200000000000000     
  0.300000000000000       0.400000000000000       0.500000000000000     
  0.600000000000000       0.700000000000000       0.800000000000000     
  0.900000000000000        1.00000000000000     
   3.96934620400500        3.74476192961700        2.79816219553998     
   1.88060970840101        1.25230954520551       0.768967921006678     
  0.447431101652210       0.258872424331645       0.147504925771785     
  8.049506413847060E-002  2.434472296064440E-002
   3.96934620400500        3.74476192961700        2.79816219553998     
   1.88060970840101        1.25230954520551       0.768967921006678     
  0.447431101652210       0.258872424331645       0.147504925771785     
  8.049506413847060E-002  2.434472296064441E-002
   35977304095693.1        36788490753190.5        37961218215674.2     
   38462806640716.6        36606176230975.0        33866508953331.7     
   34873687843774.4        35386130193952.5        34580466837752.4     
   28999763451554.7        10851931539279.8     
  0.000000000000000E+000  0.000000000000000E+000  0.000000000000000E+000
  0.000000000000000E+000  0.000000000000000E+000  0.000000000000000E+000
  0.000000000000000E+000  0.000000000000000E+000  0.000000000000000E+000
  0.000000000000000E+000  0.000000000000000E+000
   1.50000000000000        1.50000000000000        1.50000000000000     
   1.50000000000000        1.50000000000000        1.50000000000000     
   1.50000000000000        1.50000000000000        1.50000000000000     
   1.50000000000000        1.50000000000000     
  0.000000000000000E+000
  0.000000000000000E+000
  0.000000000000000E+000
  0.000000000000000E+000
  0.000000000000000E+000
  0.000000000000000E+000
  0.000000000000000E+000
  0.000000000000000E+000
  0.000000000000000E+000
  0.000000000000000E+000
  0.000000000000000E+000
  0.000000000000000E+000
  0.000000000000000E+000
  0.000000000000000E+000
  0.000000000000000E+000
  0.000000000000000E+000
