           1
          11
 rho_tor
  0.100000000000000     
  0.000000000000000E+000  0.100000000000000       0.200000000000000     
  0.300000000000000       0.400000000000000       0.500000000000000     
  0.600000000000000       0.700000000000000       0.800000000000000     
  0.900000000000000        1.00000000000000     
   2.06090561422893        2.03081588640727        1.86818615238559     
   1.61502564659589        1.32268868934844        1.01012935192908     
  0.731183421273958       0.499843109277421       0.307257747742711     
  0.168464694895222       2.011966486668075E-002
   2.06090561422893        2.03081588640727        1.86818615238559     
   1.61502564659589        1.32268868934844        1.01012935192908     
  0.731183421273958       0.499843109277421       0.307257747742711     
  0.168464694895222       2.011966486668075E-002
   70336166139945.0        69099525958214.8        67237664832737.8     
   63554929308736.7        59231994179288.0        55003519001365.0     
   52876148557994.3        50065166825662.2        47826373056537.7     
   43900773661219.2        11195123819792.4     
  0.000000000000000E+000  0.000000000000000E+000  0.000000000000000E+000
  0.000000000000000E+000  0.000000000000000E+000  0.000000000000000E+000
  0.000000000000000E+000  0.000000000000000E+000  0.000000000000000E+000
  0.000000000000000E+000  0.000000000000000E+000
   1.50000000000000        1.50000000000000        1.50000000000000     
   1.50000000000000        1.50000000000000        1.50000000000000     
   1.50000000000000        1.50000000000000        1.50000000000000     
   1.50000000000000        1.50000000000000     
  0.000000000000000E+000
  0.000000000000000E+000
   1074334.53444659     
   1034377.61979966     
  0.000000000000000E+000
   1263618.75562988     
  0.000000000000000E+000
  0.000000000000000E+000
   1710020.21087798     
   1582585.20124060     
   1784816.65648870     
   1812626.65648870     
  0.000000000000000E+000
  0.000000000000000E+000
   1478221.14513393     
  0.000000000000000E+000
