           1
          11
 rho_tor
  0.100000000000000     
  0.000000000000000E+000  0.100000000000000       0.200000000000000     
  0.300000000000000       0.400000000000000       0.500000000000000     
  0.600000000000000       0.700000000000000       0.800000000000000     
  0.900000000000000        1.00000000000000     
   1.91667930215784        1.89291863885782        1.74775468425934     
   1.50339141348604        1.21218749522676       0.908891815608763     
  0.646232145209832       0.434213325270170       0.257642515308180     
  0.134100351436346       2.000000000000000E-002
   1.91667930215784        1.89291863885782        1.74775468425934     
   1.50339141348604        1.21218749522676       0.908891815608763     
  0.646232145209832       0.434213325270170       0.257642515308180     
  0.134100351436346       2.000000000000000E-002
   75693951885639.1        74056387156221.2        71725358335732.5     
   66875822422173.6        61442659838108.8        57054788387529.7     
   55677447653172.1        54308435278967.8        52234586379808.6     
   53063701039257.6        16381794254069.5     
  0.000000000000000E+000  0.000000000000000E+000  0.000000000000000E+000
  0.000000000000000E+000  0.000000000000000E+000  0.000000000000000E+000
  0.000000000000000E+000  0.000000000000000E+000  0.000000000000000E+000
  0.000000000000000E+000  0.000000000000000E+000
   1.50000000000000        1.50000000000000        1.50000000000000     
   1.50000000000000        1.50000000000000        1.50000000000000     
   1.50000000000000        1.50000000000000        1.50000000000000     
   1.50000000000000        1.50000000000000     
  0.000000000000000E+000
  0.000000000000000E+000
   1060553.95419847     
   1028537.86278628     
  0.000000000000000E+000
   1259643.70992375     
  0.000000000000000E+000
  0.000000000000000E+000
   1685452.67175583     
   1576558.99236652     
   1797276.64122152     
   1794262.67175583     
  0.000000000000000E+000
  0.000000000000000E+000
  0.000000000000000E+000
  0.000000000000000E+000
