           1
          11
 rho_tor
  0.100000000000000     
  0.000000000000000E+000  0.100000000000000       0.200000000000000     
  0.300000000000000       0.400000000000000       0.500000000000000     
  0.600000000000000       0.700000000000000       0.800000000000000     
  0.900000000000000        1.00000000000000     
   1.22480432532349        1.20911404112573        1.12094598081146     
  0.981724670403411       0.824226879360746       0.670392347278793     
  0.529973097129932       0.404859604491778       0.301866129421485     
  0.219682956251163       0.120000000000000     
   1.22480432532349        1.20911404112572        1.12094598081146     
  0.981724670403411       0.824226879360746       0.670392347278793     
  0.529973097129932       0.404859604491778       0.301866129421485     
  0.219682956251163       0.120000000000000     
   15986007109683.4        15704533820660.9        15289069138350.4     
   14641131329342.7        14189535478174.8        14012404454388.7     
   13474877308084.1        12848372904596.9        12418923124403.1     
   9794669495947.00        2382145224188.65     
  0.000000000000000E+000  0.000000000000000E+000  0.000000000000000E+000
  0.000000000000000E+000  0.000000000000000E+000  0.000000000000000E+000
  0.000000000000000E+000  0.000000000000000E+000  0.000000000000000E+000
  0.000000000000000E+000  0.000000000000000E+000
   1.50000000000000        1.50000000000000        1.50000000000000     
   1.50000000000000        1.50000000000000        1.50000000000000     
   1.50000000000000        1.50000000000000        1.50000000000000     
   1.50000000000000        1.50000000000000     
  0.000000000000000E+000
  0.000000000000000E+000
  0.000000000000000E+000
  0.000000000000000E+000
  0.000000000000000E+000
  0.000000000000000E+000
  0.000000000000000E+000
  0.000000000000000E+000
  0.000000000000000E+000
  0.000000000000000E+000
  0.000000000000000E+000
  0.000000000000000E+000
  0.000000000000000E+000
  0.000000000000000E+000
  0.000000000000000E+000
  0.000000000000000E+000
