           1
          11
 rho_tor
  0.100000000000000     
  0.000000000000000E+000  0.100000000000000       0.200000000000000     
  0.300000000000000       0.400000000000000       0.500000000000000     
  0.600000000000000       0.700000000000000       0.800000000000000     
  0.900000000000000        1.00000000000000     
   2.04008210212243        2.01345848014582        1.85456281275949     
   1.59414049869714        1.28876995063968       0.968694078101806     
  0.688413268103599       0.461009260202479       0.279126504818059     
  0.152220059742246       2.745053535459150E-002
   2.04008210212242        2.01345848014582        1.85456281275949     
   1.59414049869714        1.28876995063968       0.968694078101806     
  0.688413268103599       0.461009260202479       0.279126504818059     
  0.152220059742246       2.745053535459151E-002
   71325925357347.3        70149994983037.0        68392378131819.1     
   64655703395110.5        60080486142585.9        55720292871205.0     
   53395882917963.7        51959959448627.4        51623889482920.3     
   49474427915392.9        14852869799802.0     
  0.000000000000000E+000  0.000000000000000E+000  0.000000000000000E+000
  0.000000000000000E+000  0.000000000000000E+000  0.000000000000000E+000
  0.000000000000000E+000  0.000000000000000E+000  0.000000000000000E+000
  0.000000000000000E+000  0.000000000000000E+000
   1.50000000000000        1.50000000000000        1.50000000000000     
   1.50000000000000        1.50000000000000        1.50000000000000     
   1.50000000000000        1.50000000000000        1.50000000000000     
   1.50000000000000        1.50000000000000     
  0.000000000000000E+000
  0.000000000000000E+000
   1062582.04580157     
   1030434.24532445     
  0.000000000000000E+000
   1259587.37442752     
  0.000000000000000E+000
  0.000000000000000E+000
   1687510.18072528     
   1576477.64885500     
   1795037.63396945     
   1796314.10935123     
  0.000000000000000E+000
  0.000000000000000E+000
  0.000000000000000E+000
  0.000000000000000E+000
