           1
          11
 rho_tor
  0.100000000000000     
  0.000000000000000E+000  0.100000000000000       0.200000000000000     
  0.300000000000000       0.400000000000000       0.500000000000000     
  0.600000000000000       0.700000000000000       0.800000000000000     
  0.900000000000000        1.00000000000000     
   1.55298429675950        1.53441258899182        1.42609622015080     
   1.22073328277661       0.948705363394333       0.673467089282880     
  0.445836368041232       0.282661425602048       0.170619485344918     
  9.377315738406128E-002  3.142334727298658E-002
   1.55298429675950        1.53441258899182        1.42609622015081     
   1.22073328277661       0.948705363394333       0.673467089282880     
  0.445836368041232       0.282661425602048       0.170619485344918     
  9.377315738406128E-002  3.142334727298658E-002
   31346226331873.6        31299635569938.7        31120731934423.1     
   30332810311994.5        28837606491968.2        27417134859658.1     
   27893252961018.3        28350911099688.5        27213595154622.3     
   22982449546889.4        10267266325538.4     
  0.000000000000000E+000  0.000000000000000E+000  0.000000000000000E+000
  0.000000000000000E+000  0.000000000000000E+000  0.000000000000000E+000
  0.000000000000000E+000  0.000000000000000E+000  0.000000000000000E+000
  0.000000000000000E+000  0.000000000000000E+000
   1.50000000000000        1.50000000000000        1.50000000000000     
   1.50000000000000        1.50000000000000        1.50000000000000     
   1.50000000000000        1.50000000000000        1.50000000000000     
   1.50000000000000        1.50000000000000     
  0.000000000000000E+000
  0.000000000000000E+000
  0.000000000000000E+000
  0.000000000000000E+000
  0.000000000000000E+000
  0.000000000000000E+000
  0.000000000000000E+000
  0.000000000000000E+000
  0.000000000000000E+000
  0.000000000000000E+000
  0.000000000000000E+000
  0.000000000000000E+000
  0.000000000000000E+000
  0.000000000000000E+000
  0.000000000000000E+000
  0.000000000000000E+000
