           1
          11
 rho_tor
  0.100000000000000     
  0.000000000000000E+000  0.100000000000000       0.200000000000000     
  0.300000000000000       0.400000000000000       0.500000000000000     
  0.600000000000000       0.700000000000000       0.800000000000000     
  0.900000000000000        1.00000000000000     
   2.22303954773793        2.17083986857302        1.88974615291323     
   1.50608884940175        1.13749792096087       0.791844207478161     
  0.522178942433794       0.333076513554827       0.203160499761566     
  0.111838471494808       4.161233386140965E-002
   2.22303954773792        2.17083986857302        1.88974615291323     
   1.50608884940175        1.13749792096087       0.791844207478161     
  0.522178942433794       0.333076513554827       0.203160499761566     
  0.111838471494808       4.161233386140965E-002
   42850037654392.7        42593150791337.1        42061401821720.5     
   40790637724453.2        38980156638527.5        37380329518125.0     
   37334119935305.3        37706305029884.0        36528148437881.8     
   30883658023257.9        15552118177161.0     
  0.000000000000000E+000  0.000000000000000E+000  0.000000000000000E+000
  0.000000000000000E+000  0.000000000000000E+000  0.000000000000000E+000
  0.000000000000000E+000  0.000000000000000E+000  0.000000000000000E+000
  0.000000000000000E+000  0.000000000000000E+000
   1.50000000000000        1.50000000000000        1.50000000000000     
   1.50000000000000        1.50000000000000        1.50000000000000     
   1.50000000000000        1.50000000000000        1.50000000000000     
   1.50000000000000        1.50000000000000     
  0.000000000000000E+000
  0.000000000000000E+000
   1062551.90855514     
   1024583.95437265     
  0.000000000000000E+000
  0.000000000000000E+000
   1336906.67680613     
  0.000000000000000E+000
  0.000000000000000E+000
  0.000000000000000E+000
  0.000000000000000E+000
  0.000000000000000E+000
  0.000000000000000E+000
  0.000000000000000E+000
   1476227.42946781     
  0.000000000000000E+000
