           1
          11
 rho_tor
  0.100000000000000     
  0.000000000000000E+000  0.100000000000000       0.200000000000000     
  0.300000000000000       0.400000000000000       0.500000000000000     
  0.600000000000000       0.700000000000000       0.800000000000000     
  0.900000000000000        1.00000000000000     
   1.44567137815570        1.43227002175394        1.34763032669883     
   1.18273229733843       0.956376555658738       0.718856200852676     
  0.505100220661074       0.330346119096677       0.198576254859747     
  0.101916051240239       2.000000000000000E-002
   1.44567137815570        1.43227002175394        1.34763032669883     
   1.18273229733843       0.956376555658738       0.718856200852676     
  0.505100220661074       0.330346119096677       0.198576254859747     
  0.101916051240239       2.000000000000000E-002
   30275824830875.7        30037908177346.2        29574182314440.6     
   28522605904813.1        27203020150470.6        26220875981479.4     
   26053424457202.0        26421925591358.2        25961149855016.8     
   22296065943368.7        10036226235901.7     
  0.000000000000000E+000  0.000000000000000E+000  0.000000000000000E+000
  0.000000000000000E+000  0.000000000000000E+000  0.000000000000000E+000
  0.000000000000000E+000  0.000000000000000E+000  0.000000000000000E+000
  0.000000000000000E+000  0.000000000000000E+000
   1.50000000000000        1.50000000000000        1.50000000000000     
   1.50000000000000        1.50000000000000        1.50000000000000     
   1.50000000000000        1.50000000000000        1.50000000000000     
   1.50000000000000        1.50000000000000     
  0.000000000000000E+000
  0.000000000000000E+000
  0.000000000000000E+000
  0.000000000000000E+000
  0.000000000000000E+000
  0.000000000000000E+000
  0.000000000000000E+000
  0.000000000000000E+000
  0.000000000000000E+000
  0.000000000000000E+000
  0.000000000000000E+000
  0.000000000000000E+000
  0.000000000000000E+000
  0.000000000000000E+000
  0.000000000000000E+000
  0.000000000000000E+000
