           1
          11
 rho_tor
  0.100000000000000     
  0.000000000000000E+000  0.100000000000000       0.200000000000000     
  0.300000000000000       0.400000000000000       0.500000000000000     
  0.600000000000000       0.700000000000000       0.800000000000000     
  0.900000000000000        1.00000000000000     
   1.26483134921941        1.25094648305125        1.16652165085584     
   1.02424270906610       0.853745634289620       0.683737415437620     
  0.526289897960415       0.380710371366642       0.254060714983953     
  0.158360826081842       3.494194351540622E-002
   1.26483134921941        1.25094648305125        1.16652165085585     
   1.02424270906610       0.853745634289620       0.683737415437620     
  0.526289897960415       0.380710371366642       0.254060714983953     
  0.158360826081842       3.494194351540623E-002
   18968036288797.3        18524803227131.6        17883358779875.1     
   16954202025868.1        16536268332349.2        16815205141068.9     
   16551340426645.9        15581930897712.6        15153204295136.0     
   13582121809076.7        2627613036719.03     
  0.000000000000000E+000  0.000000000000000E+000  0.000000000000000E+000
  0.000000000000000E+000  0.000000000000000E+000  0.000000000000000E+000
  0.000000000000000E+000  0.000000000000000E+000  0.000000000000000E+000
  0.000000000000000E+000  0.000000000000000E+000
   1.50000000000000        1.50000000000000        1.50000000000000     
   1.50000000000000        1.50000000000000        1.50000000000000     
   1.50000000000000        1.50000000000000        1.50000000000000     
   1.50000000000000        1.50000000000000     
  0.000000000000000E+000
  0.000000000000000E+000
  0.000000000000000E+000
  0.000000000000000E+000
  0.000000000000000E+000
  0.000000000000000E+000
  0.000000000000000E+000
  0.000000000000000E+000
  0.000000000000000E+000
  0.000000000000000E+000
  0.000000000000000E+000
  0.000000000000000E+000
  0.000000000000000E+000
  0.000000000000000E+000
  0.000000000000000E+000
  0.000000000000000E+000
