           1
          11
 rho_tor
  0.100000000000000     
  0.000000000000000E+000  0.100000000000000       0.200000000000000     
  0.300000000000000       0.400000000000000       0.500000000000000     
  0.600000000000000       0.700000000000000       0.800000000000000     
  0.900000000000000        1.00000000000000     
   2.15731324778550        2.10476551124956        1.82604892787087     
   1.45240979797414        1.09581855136001       0.761398426478156     
  0.501574388359772       0.320404054253279       0.196515948958509     
  0.109589956180578       3.777583735635923E-002
   2.15731324778550        2.10476551124956        1.82604892787087     
   1.45240979797414        1.09581855136001       0.761398426478156     
  0.501574388359772       0.320404054253279       0.196515948958509     
  0.109589956180578       3.777583735635923E-002
   43657922461271.0        43309376601325.2        42621254717819.2     
   41149051679072.3        39280677013383.0        37770428447067.4     
   37705474250965.3        37920308143855.3        36878255081397.6     
   30449058952398.9        14013052448659.7     
  0.000000000000000E+000  0.000000000000000E+000  0.000000000000000E+000
  0.000000000000000E+000  0.000000000000000E+000  0.000000000000000E+000
  0.000000000000000E+000  0.000000000000000E+000  0.000000000000000E+000
  0.000000000000000E+000  0.000000000000000E+000
   1.50000000000000        1.50000000000000        1.50000000000000     
   1.50000000000000        1.50000000000000        1.50000000000000     
   1.50000000000000        1.50000000000000        1.50000000000000     
   1.50000000000000        1.50000000000000     
  0.000000000000000E+000
  0.000000000000000E+000
  0.000000000000000E+000
  0.000000000000000E+000
  0.000000000000000E+000
   1271812.04093524     
   1330764.88272915     
  0.000000000000000E+000
  0.000000000000000E+000
  0.000000000000000E+000
  0.000000000000000E+000
  0.000000000000000E+000
  0.000000000000000E+000
  0.000000000000000E+000
   1478232.06870269     
  0.000000000000000E+000
