           1
          11
 rho_tor
  0.100000000000000     
  0.000000000000000E+000  0.100000000000000       0.200000000000000     
  0.300000000000000       0.400000000000000       0.500000000000000     
  0.600000000000000       0.700000000000000       0.800000000000000     
  0.900000000000000        1.00000000000000     
   23.1271336075624        21.5270142520011        13.2577839582730     
   6.55330730211049        3.58889776636097        1.89164613695590     
  0.840129507414766       0.279441142829217       4.319938100334245E-002
  1.077654582008624E-002  0.120000000000000     
   23.1271336075624        21.5270142520011        13.2577839582730     
   6.55330730211049        3.58889776636097        1.89164613695590     
  0.840129507414766       0.279441142829217       4.319938100334245E-002
  1.077654582008624E-002  0.120000000000000     
   9992057655498.25        9995387355727.94        9999088151157.39     
   10008682384431.9        9996126357590.30        9982151980628.43     
   10012178268397.6        10036359086808.9        9881664345608.63     
   10211340028099.4        9857624177049.26     
  0.000000000000000E+000  0.000000000000000E+000  0.000000000000000E+000
  0.000000000000000E+000  0.000000000000000E+000  0.000000000000000E+000
  0.000000000000000E+000  0.000000000000000E+000  0.000000000000000E+000
  0.000000000000000E+000  0.000000000000000E+000
   1.50000000000000        1.50000000000000        1.50000000000000     
   1.50000000000000        1.50000000000000        1.50000000000000     
   1.50000000000000        1.50000000000000        1.50000000000000     
   1.50000000000000        1.50000000000000     
   1000000.00000000     
   1000000.00000000     
   1000000.00000000     
   1000000.00000000     
  0.000000000000000E+000
  0.000000000000000E+000
  0.000000000000000E+000
  0.000000000000000E+000
  0.000000000000000E+000
  0.000000000000000E+000
  0.000000000000000E+000
  0.000000000000000E+000
  0.000000000000000E+000
  0.000000000000000E+000
  0.000000000000000E+000
  0.000000000000000E+000
