           1
          11
 rho_tor
  0.100000000000000     
  0.000000000000000E+000  0.100000000000000       0.200000000000000     
  0.300000000000000       0.400000000000000       0.500000000000000     
  0.600000000000000       0.700000000000000       0.800000000000000     
  0.900000000000000        1.00000000000000     
   2.11704637688968        2.08908160849904        1.92569654148422     
   1.66202351512069        1.35350190829083        1.02819860551323     
  0.742095427486036       0.508774290371089       0.314272300113248     
  0.173638750559168       2.000000000000000E-002
   2.11704637688968        2.08908160849904        1.92569654148422     
   1.66202351512069        1.35350190829083        1.02819860551323     
  0.742095427486036       0.508774290371089       0.314272300113248     
  0.173638750559168       2.000000000000000E-002
   69799820370197.9        68689428434248.7        67048217770312.2     
   63581156757839.0        59283167646028.3        55108341412682.5     
   53174117327293.8        51018168585531.3        48165046798029.8     
   44928559393399.0        10897807009694.7     
  0.000000000000000E+000  0.000000000000000E+000  0.000000000000000E+000
  0.000000000000000E+000  0.000000000000000E+000  0.000000000000000E+000
  0.000000000000000E+000  0.000000000000000E+000  0.000000000000000E+000
  0.000000000000000E+000  0.000000000000000E+000
   1.50000000000000        1.50000000000000        1.50000000000000     
   1.50000000000000        1.50000000000000        1.50000000000000     
   1.50000000000000        1.50000000000000        1.50000000000000     
   1.50000000000000        1.50000000000000     
  0.000000000000000E+000
  0.000000000000000E+000
   1062540.00000000     
   1028520.00000000     
  0.000000000000000E+000
   1259550.00000000     
  0.000000000000000E+000
  0.000000000000000E+000
   1689390.00000000     
   1578510.12500000     
   1795050.00000000     
   1798200.00000000     
  0.000000000000000E+000
  0.000000000000000E+000
  0.000000000000000E+000
  0.000000000000000E+000
