           1
          11
 rho_tor
  0.100000000000000     
  0.000000000000000E+000  0.100000000000000       0.200000000000000     
  0.300000000000000       0.400000000000000       0.500000000000000     
  0.600000000000000       0.700000000000000       0.800000000000000     
  0.900000000000000        1.00000000000000     
   2.36826827100600        2.31127646412672        2.01053950832289     
   1.61392232863730        1.24063439399858       0.881151431756409     
  0.589675161212959       0.382690249892055       0.236135762090067     
  0.130171108491758       4.123927893005204E-002
   2.36826827100600        2.31127646412672        2.01053950832289     
   1.61392232863730        1.24063439399858       0.881151431756409     
  0.589675161212959       0.382690249892055       0.236135762090067     
  0.130171108491758       4.123927893005205E-002
   38985728814395.0        39164693952305.3        39306734246584.0     
   38701654699006.5        36744669444684.8        34296812877205.4     
   33949547827245.7        34265514110125.9        33280568310937.6     
   27762252854979.4        12535698298316.3     
  0.000000000000000E+000  0.000000000000000E+000  0.000000000000000E+000
  0.000000000000000E+000  0.000000000000000E+000  0.000000000000000E+000
  0.000000000000000E+000  0.000000000000000E+000  0.000000000000000E+000
  0.000000000000000E+000  0.000000000000000E+000
   1.50000000000000        1.50000000000000        1.50000000000000     
   1.50000000000000        1.50000000000000        1.50000000000000     
   1.50000000000000        1.50000000000000        1.50000000000000     
   1.50000000000000        1.50000000000000     
  0.000000000000000E+000
  0.000000000000000E+000
   1050675.05703416     
   1008744.09125466     
  0.000000000000000E+000
  0.000000000000000E+000
  0.000000000000000E+000
  0.000000000000000E+000
  0.000000000000000E+000
  0.000000000000000E+000
  0.000000000000000E+000
  0.000000000000000E+000
  0.000000000000000E+000
  0.000000000000000E+000
   1531573.80247132     
  0.000000000000000E+000
