           1
          11
 rho_tor
  0.100000000000000     
  0.000000000000000E+000  0.100000000000000       0.200000000000000     
  0.300000000000000       0.400000000000000       0.500000000000000     
  0.600000000000000       0.700000000000000       0.800000000000000     
  0.900000000000000        1.00000000000000     
   1.96637828489121        1.92790224856107        1.73504331704780     
   1.45954344199617        1.16028654417545       0.854249606417796     
  0.599848764488565       0.405675181361143       0.253148577055664     
  0.140167841720436       2.000000000000000E-002
   1.96637828489121        1.92790224856107        1.73504331704780     
   1.45954344199617        1.16028654417545       0.854249606417796     
  0.599848764488565       0.405675181361143       0.253148577055664     
  0.140167841720436       2.000000000000000E-002
   64053975304461.9        63167773398523.9        61684483134558.9     
   58626060019866.2        54989123423742.8        51816599629244.5     
   50799131582537.8        49025461122010.9        46164883854808.0     
   38948180906924.2        10752665177444.0     
  0.000000000000000E+000  0.000000000000000E+000  0.000000000000000E+000
  0.000000000000000E+000  0.000000000000000E+000  0.000000000000000E+000
  0.000000000000000E+000  0.000000000000000E+000  0.000000000000000E+000
  0.000000000000000E+000  0.000000000000000E+000
   1.50000000000000        1.50000000000000        1.50000000000000     
   1.50000000000000        1.50000000000000        1.50000000000000     
   1.50000000000000        1.50000000000000        1.50000000000000     
   1.50000000000000        1.50000000000000     
  0.000000000000000E+000
  0.000000000000000E+000
  0.000000000000000E+000
  0.000000000000000E+000
  0.000000000000000E+000
   1267761.84732837     
   1328783.42738563     
  0.000000000000000E+000
   1718207.24427491     
   1584666.06870249     
  0.000000000000000E+000
  0.000000000000000E+000
  0.000000000000000E+000
  0.000000000000000E+000
   1480302.06879811     
  0.000000000000000E+000
