           1
          11
 rho_tor
  0.100000000000000     
  0.000000000000000E+000  0.100000000000000       0.200000000000000     
  0.300000000000000       0.400000000000000       0.500000000000000     
  0.600000000000000       0.700000000000000       0.800000000000000     
  0.900000000000000        1.00000000000000     
   1.32227341119180        1.31093537092827        1.23508645256662     
   1.09058391102343       0.894327132412858       0.690657919046322     
  0.505986113565862       0.346368830146929       0.217890948345636     
  0.118962868509997       2.183560158934637E-002
   1.32227341119180        1.31093537092827        1.23508645256662     
   1.09058391102343       0.894327132412858       0.690657919046322     
  0.505986113565862       0.346368830146929       0.217890948345636     
  0.118962868509997       2.183560158934637E-002
   28452404192496.8        27976499788767.9        27192841616820.4     
   25761715422552.7        24563715826411.5        24286087507153.7     
   24216831116789.8        23990028423846.4        23370914707801.9     
   19632217732028.2        6923634791287.35     
  0.000000000000000E+000  0.000000000000000E+000  0.000000000000000E+000
  0.000000000000000E+000  0.000000000000000E+000  0.000000000000000E+000
  0.000000000000000E+000  0.000000000000000E+000  0.000000000000000E+000
  0.000000000000000E+000  0.000000000000000E+000
   1.50000000000000        1.50000000000000        1.50000000000000     
   1.50000000000000        1.50000000000000        1.50000000000000     
   1.50000000000000        1.50000000000000        1.50000000000000     
   1.50000000000000        1.50000000000000     
  0.000000000000000E+000
  0.000000000000000E+000
  0.000000000000000E+000
  0.000000000000000E+000
  0.000000000000000E+000
  0.000000000000000E+000
  0.000000000000000E+000
  0.000000000000000E+000
  0.000000000000000E+000
  0.000000000000000E+000
  0.000000000000000E+000
  0.000000000000000E+000
  0.000000000000000E+000
  0.000000000000000E+000
  0.000000000000000E+000
  0.000000000000000E+000
