           1
          11
 rho_tor
  0.100000000000000     
  0.000000000000000E+000  0.100000000000000       0.200000000000000     
  0.300000000000000       0.400000000000000       0.500000000000000     
  0.600000000000000       0.700000000000000       0.800000000000000     
  0.900000000000000        1.00000000000000     
   1.24654799840522        1.22702047434807        1.13436388742843     
  0.995940003612241       0.832385518227193       0.662500635187224     
  0.506910566478034       0.382131893262377       0.279087011616892     
  0.189088134228064       7.000000000000001E-002
   1.24654799840522        1.22702047434807        1.13436388742843     
  0.995940003612242       0.832385518227193       0.662500635187224     
  0.506910566478034       0.382131893262377       0.279087011616892     
  0.189088134228064       7.000000000000002E-002
   9647801268367.60        9417179351001.80        9111362672668.52     
   8561085625993.46        7881416146231.87        7165244292326.89     
   7283443693364.84        7687432200430.92        7039865335349.84     
   5600423665434.76        1352359862856.85     
  0.000000000000000E+000  0.000000000000000E+000  0.000000000000000E+000
  0.000000000000000E+000  0.000000000000000E+000  0.000000000000000E+000
  0.000000000000000E+000  0.000000000000000E+000  0.000000000000000E+000
  0.000000000000000E+000  0.000000000000000E+000
   1.50000000000000        1.50000000000000        1.50000000000000     
   1.50000000000000        1.50000000000000        1.50000000000000     
   1.50000000000000        1.50000000000000        1.50000000000000     
   1.50000000000000        1.50000000000000     
  0.000000000000000E+000
  0.000000000000000E+000
  0.000000000000000E+000
  0.000000000000000E+000
  0.000000000000000E+000
  0.000000000000000E+000
  0.000000000000000E+000
  0.000000000000000E+000
  0.000000000000000E+000
  0.000000000000000E+000
  0.000000000000000E+000
  0.000000000000000E+000
  0.000000000000000E+000
  0.000000000000000E+000
  0.000000000000000E+000
  0.000000000000000E+000
