           1
          11
 rho_tor
  0.100000000000000     
  0.000000000000000E+000  0.100000000000000       0.200000000000000     
  0.300000000000000       0.400000000000000       0.500000000000000     
  0.600000000000000       0.700000000000000       0.800000000000000     
  0.900000000000000        1.00000000000000     
   2.99931608791925        2.85246328107639        2.21040614085204     
   1.55143484573795        1.06634462924585       0.683451720706983     
  0.418673862223599       0.252080356801003       0.146962352154999     
  7.878505533402054E-002  2.296557709846749E-002
   2.99931608791925        2.85246328107639        2.21040614085204     
   1.55143484573795        1.06634462924585       0.683451720706983     
  0.418673862223599       0.252080356801003       0.146962352154999     
  7.878505533402054E-002  2.296557709846750E-002
   32639856073327.9        32578003277454.0        32400711498351.4     
   31580108976865.7        29913940124094.5        28507682747688.3     
   29554053918201.2        29590995737060.4        27990299860460.4     
   23260161362585.9        9820957476312.20     
  0.000000000000000E+000  0.000000000000000E+000  0.000000000000000E+000
  0.000000000000000E+000  0.000000000000000E+000  0.000000000000000E+000
  0.000000000000000E+000  0.000000000000000E+000  0.000000000000000E+000
  0.000000000000000E+000  0.000000000000000E+000
   1.50000000000000        1.50000000000000        1.50000000000000     
   1.50000000000000        1.50000000000000        1.50000000000000     
   1.50000000000000        1.50000000000000        1.50000000000000     
   1.50000000000000        1.50000000000000     
  0.000000000000000E+000
  0.000000000000000E+000
  0.000000000000000E+000
  0.000000000000000E+000
  0.000000000000000E+000
  0.000000000000000E+000
  0.000000000000000E+000
  0.000000000000000E+000
  0.000000000000000E+000
  0.000000000000000E+000
  0.000000000000000E+000
  0.000000000000000E+000
  0.000000000000000E+000
  0.000000000000000E+000
  0.000000000000000E+000
  0.000000000000000E+000
