           1
          11
 rho_tor
  0.100000000000000     
  0.000000000000000E+000  0.100000000000000       0.200000000000000     
  0.300000000000000       0.400000000000000       0.500000000000000     
  0.600000000000000       0.700000000000000       0.800000000000000     
  0.900000000000000        1.00000000000000     
   2.12081993156235        2.07365603151980        1.81431309751293     
   1.45084922536490        1.09436994844820       0.759358649525494     
  0.497400354635696       0.313281845954010       0.188219060049610     
  0.100296215002693       2.888121078509089E-002
   2.12081993156235        2.07365603151980        1.81431309751293     
   1.45084922536490        1.09436994844820       0.759358649525494     
  0.497400354635696       0.313281845954010       0.188219060049610     
  0.100296215002693       2.888121078509090E-002
   44232327283635.3        43771354420229.6        42922753413001.6     
   41357560057385.0        39695466352128.9        38523933117744.0     
   38311526598301.9        38863517709913.9        38376325489530.2     
   32211903219221.7        15010759814909.4     
  0.000000000000000E+000  0.000000000000000E+000  0.000000000000000E+000
  0.000000000000000E+000  0.000000000000000E+000  0.000000000000000E+000
  0.000000000000000E+000  0.000000000000000E+000  0.000000000000000E+000
  0.000000000000000E+000  0.000000000000000E+000
   1.50000000000000        1.50000000000000        1.50000000000000     
   1.50000000000000        1.50000000000000        1.50000000000000     
   1.50000000000000        1.50000000000000        1.50000000000000     
   1.50000000000000        1.50000000000000     
  0.000000000000000E+000
  0.000000000000000E+000
  0.000000000000000E+000
  0.000000000000000E+000
  0.000000000000000E+000
   1232931.91603066     
   1320597.97433222     
  0.000000000000000E+000
  0.000000000000000E+000
  0.000000000000000E+000
  0.000000000000000E+000
  0.000000000000000E+000
  0.000000000000000E+000
  0.000000000000000E+000
   1490563.77375995     
  0.000000000000000E+000
