           1
          11
 rho_tor
  0.100000000000000     
  0.000000000000000E+000  0.100000000000000       0.200000000000000     
  0.300000000000000       0.400000000000000       0.500000000000000     
  0.600000000000000       0.700000000000000       0.800000000000000     
  0.900000000000000        1.00000000000000     
   2.13427732532982        2.10566801850200        1.93902081647689     
   1.67162727672673        1.36151730629900        1.03442382348712     
  0.744273965113617       0.506953615069639       0.310932172201374     
  0.167733818048450       2.000000000000000E-002
   2.13427732532982        2.10566801850200        1.93902081647689     
   1.67162727672673        1.36151730629900        1.03442382348712     
  0.744273965113617       0.506953615069639       0.310932172201374     
  0.167733818048450       2.000000000000000E-002
   68943196449759.2        68056558528647.0        66751382710067.9     
   63712566855855.0        59421664663542.2        54638917098816.1     
   51931592528225.3        49971480262168.4        47390579804185.7     
   43637539093320.7        11913056080336.1     
  0.000000000000000E+000  0.000000000000000E+000  0.000000000000000E+000
  0.000000000000000E+000  0.000000000000000E+000  0.000000000000000E+000
  0.000000000000000E+000  0.000000000000000E+000  0.000000000000000E+000
  0.000000000000000E+000  0.000000000000000E+000
   1.50000000000000        1.50000000000000        1.50000000000000     
   1.50000000000000        1.50000000000000        1.50000000000000     
   1.50000000000000        1.50000000000000        1.50000000000000     
   1.50000000000000        1.50000000000000     
  0.000000000000000E+000
  0.000000000000000E+000
   1068480.00000000     
   1030410.06250000     
  0.000000000000000E+000
   1261620.00000000     
  0.000000000000000E+000
  0.000000000000000E+000
   1699650.00000000     
   1580490.00000000     
   1791000.12500000     
   1806480.00000000     
  0.000000000000000E+000
  0.000000000000000E+000
   1484370.00000000     
  0.000000000000000E+000
