           1
          11
 rho_tor
  0.100000000000000     
  0.000000000000000E+000  0.100000000000000       0.200000000000000     
  0.300000000000000       0.400000000000000       0.500000000000000     
  0.600000000000000       0.700000000000000       0.800000000000000     
  0.900000000000000        1.00000000000000     
   2.20335740885187        2.14860738997799        1.85329945522026     
   1.45272812904544        1.07318085020129       0.721568546229562     
  0.455852575291362       0.284064965683719       0.175621978839077     
  0.104609554522738       5.016371729939273E-002
   2.20335740885187        2.14860738997799        1.85329945522026     
   1.45272812904544        1.07318085020129       0.721568546229562     
  0.455852575291362       0.284064965683719       0.175621978839077     
  0.104609554522738       5.016371729939274E-002
   39025159060658.4        38975113027822.1        38778965574079.7     
   37899243870380.7        36163724597692.1        34344863621656.2     
   34368058610180.4        34709509018645.6        33334602039810.3     
   27600296124778.3        12576649354468.5     
  0.000000000000000E+000  0.000000000000000E+000  0.000000000000000E+000
  0.000000000000000E+000  0.000000000000000E+000  0.000000000000000E+000
  0.000000000000000E+000  0.000000000000000E+000  0.000000000000000E+000
  0.000000000000000E+000  0.000000000000000E+000
   1.50000000000000        1.50000000000000        1.50000000000000     
   1.50000000000000        1.50000000000000        1.50000000000000     
   1.50000000000000        1.50000000000000        1.50000000000000     
   1.50000000000000        1.50000000000000     
  0.000000000000000E+000
  0.000000000000000E+000
   1054626.04580150     
   1028528.99999997     
  0.000000000000000E+000
  0.000000000000000E+000
  0.000000000000000E+000
  0.000000000000000E+000
  0.000000000000000E+000
  0.000000000000000E+000
  0.000000000000000E+000
  0.000000000000000E+000
  0.000000000000000E+000
  0.000000000000000E+000
   1519229.69198462     
  0.000000000000000E+000
