           1
          11
 rho_tor
  0.100000000000000     
  0.000000000000000E+000  0.100000000000000       0.200000000000000     
  0.300000000000000       0.400000000000000       0.500000000000000     
  0.600000000000000       0.700000000000000       0.800000000000000     
  0.900000000000000        1.00000000000000     
   2.31926593124815        2.26365454401933        1.96306499823812     
   1.55925248185972        1.17703770952069       0.817659719847457     
  0.535545114034533       0.339905005354533       0.206387754273866     
  0.110341498080730       3.703117825105262E-002
   2.31926593124815        2.26365454401933        1.96306499823812     
   1.55925248185972        1.17703770952069       0.817659719847457     
  0.535545114034533       0.339905005354533       0.206387754273866     
  0.110341498080730       3.703117825105263E-002
   39586545618205.9        39514172540102.6        39280368379092.7     
   38454536169714.3        36975138388024.7        35482077966536.5     
   35321681806863.7        35915454815905.5        34473205671229.6     
   28254900700714.2        15192672551942.3     
  0.000000000000000E+000  0.000000000000000E+000  0.000000000000000E+000
  0.000000000000000E+000  0.000000000000000E+000  0.000000000000000E+000
  0.000000000000000E+000  0.000000000000000E+000  0.000000000000000E+000
  0.000000000000000E+000  0.000000000000000E+000
   1.50000000000000        1.50000000000000        1.50000000000000     
   1.50000000000000        1.50000000000000        1.50000000000000     
   1.50000000000000        1.50000000000000        1.50000000000000     
   1.50000000000000        1.50000000000000     
  0.000000000000000E+000
  0.000000000000000E+000
  0.000000000000000E+000
  0.000000000000000E+000
  0.000000000000000E+000
   1273863.14847909     
   1336860.00000000     
  0.000000000000000E+000
  0.000000000000000E+000
  0.000000000000000E+000
  0.000000000000000E+000
  0.000000000000000E+000
  0.000000000000000E+000
  0.000000000000000E+000
   1441191.90114070     
  0.000000000000000E+000
