           1
          11
 rho_tor
  0.100000000000000     
  0.000000000000000E+000  0.100000000000000       0.200000000000000     
  0.300000000000000       0.400000000000000       0.500000000000000     
  0.600000000000000       0.700000000000000       0.800000000000000     
  0.900000000000000        1.00000000000000     
   2.12337763381953        2.09537253039732        1.93131731674283     
   1.66635255366293        1.35488308203709        1.02668837919195     
  0.738538648296652       0.501650433820238       0.310724465802563     
  0.178991082341096       3.207011292751351E-002
   2.12337763381953        2.09537253039732        1.93131731674283     
   1.66635255366293        1.35488308203709        1.02668837919195     
  0.738538648296652       0.501650433820238       0.310724465802563     
  0.178991082341096       3.207011292751352E-002
   73762717051350.8        72042535298154.3        69645721330253.8     
   65017007055569.2        60208917416528.7        56232313698309.6     
   53617679041211.4        51525762145275.4        51626079135721.3     
   49284056087416.6        11050915632754.1     
  0.000000000000000E+000  0.000000000000000E+000  0.000000000000000E+000
  0.000000000000000E+000  0.000000000000000E+000  0.000000000000000E+000
  0.000000000000000E+000  0.000000000000000E+000  0.000000000000000E+000
  0.000000000000000E+000  0.000000000000000E+000
   1.50000000000000        1.50000000000000        1.50000000000000     
   1.50000000000000        1.50000000000000        1.50000000000000     
   1.50000000000000        1.50000000000000        1.50000000000000     
   1.50000000000000        1.50000000000000     
  0.000000000000000E+000
  0.000000000000000E+000
   1066507.48854966     
   1030417.61970424     
  0.000000000000000E+000
   1261629.34351150     
  0.000000000000000E+000
  0.000000000000000E+000
   1697693.37137418     
   1578524.20887412     
   1792983.28520994     
   1802363.49618334     
  0.000000000000000E+000
  0.000000000000000E+000
   1486375.20114518     
  0.000000000000000E+000
