           1
          11
 rho_tor
  0.100000000000000     
  0.000000000000000E+000  0.100000000000000       0.200000000000000     
  0.300000000000000       0.400000000000000       0.500000000000000     
  0.600000000000000       0.700000000000000       0.800000000000000     
  0.900000000000000        1.00000000000000     
   1.98531346608315        1.94631155831468        1.75088773376999     
   1.47277765492143        1.17284040500617       0.865752154174205     
  0.606281821852736       0.403918306123733       0.247156375884089     
  0.132476546228702       2.000000000000000E-002
   1.98531346608315        1.94631155831468        1.75088773376999     
   1.47277765492143        1.17284040500617       0.865752154174205     
  0.606281821852736       0.403918306123733       0.247156375884089     
  0.132476546228702       2.000000000000000E-002
   65247343299391.7        64184054630593.2        62428978707394.4     
   59174463502203.5        55663767061130.3        52574800519803.9     
   50508158748233.8        48510126283339.5        46717147671002.1     
   39204922945188.3        13477596131867.5     
  0.000000000000000E+000  0.000000000000000E+000  0.000000000000000E+000
  0.000000000000000E+000  0.000000000000000E+000  0.000000000000000E+000
  0.000000000000000E+000  0.000000000000000E+000  0.000000000000000E+000
  0.000000000000000E+000  0.000000000000000E+000
   1.50000000000000        1.50000000000000        1.50000000000000     
   1.50000000000000        1.50000000000000        1.50000000000000     
   1.50000000000000        1.50000000000000        1.50000000000000     
   1.50000000000000        1.50000000000000     
  0.000000000000000E+000
  0.000000000000000E+000
  0.000000000000000E+000
  0.000000000000000E+000
  0.000000000000000E+000
   1271830.64192019     
   1328812.83650195     
  0.000000000000000E+000
   1724335.04942968     
   1588841.72623581     
  0.000000000000000E+000
  0.000000000000000E+000
  0.000000000000000E+000
  0.000000000000000E+000
   1453687.39163516     
  0.000000000000000E+000
