           1
          11
 rho_tor
  0.100000000000000     
  0.000000000000000E+000  0.100000000000000       0.200000000000000     
  0.300000000000000       0.400000000000000       0.500000000000000     
  0.600000000000000       0.700000000000000       0.800000000000000     
  0.900000000000000        1.00000000000000     
   1.98649167466575        1.94769828643730        1.75300555302814     
   1.47288885813644        1.16540727991129       0.846590450667133     
  0.580148702767529       0.376896091984802       0.218997528979117     
  0.112810001969676       2.018112144318924E-002
   1.98649167466575        1.94769828643730        1.75300555302815     
   1.47288885813644        1.16540727991129       0.846590450667133     
  0.580148702767529       0.376896091984802       0.218997528979117     
  0.112810001969676       2.018112144318924E-002
   65733970519542.8        64523415620590.0        62558613589655.5     
   58775397130767.8        54743975905344.7        51834823426899.6     
   51494285473832.5        49999124584847.4        49155341304571.5     
   48416004706121.7        16125642505703.8     
  0.000000000000000E+000  0.000000000000000E+000  0.000000000000000E+000
  0.000000000000000E+000  0.000000000000000E+000  0.000000000000000E+000
  0.000000000000000E+000  0.000000000000000E+000  0.000000000000000E+000
  0.000000000000000E+000  0.000000000000000E+000
   1.50000000000000        1.50000000000000        1.50000000000000     
   1.50000000000000        1.50000000000000        1.50000000000000     
   1.50000000000000        1.50000000000000        1.50000000000000     
   1.50000000000000        1.50000000000000     
  0.000000000000000E+000
  0.000000000000000E+000
  0.000000000000000E+000
  0.000000000000000E+000
  0.000000000000000E+000
   1271790.12500000     
   1328760.00000000     
  0.000000000000000E+000
   1724310.00000000     
   1586700.12500000     
  0.000000000000000E+000
  0.000000000000000E+000
  0.000000000000000E+000
  0.000000000000000E+000
   1486350.12500000     
  0.000000000000000E+000
