           1
          11
 rho_tor
  0.100000000000000     
  0.000000000000000E+000  0.100000000000000       0.200000000000000     
  0.300000000000000       0.400000000000000       0.500000000000000     
  0.600000000000000       0.700000000000000       0.800000000000000     
  0.900000000000000        1.00000000000000     
   2.26801480115590        2.21224866906983        1.91888092008408     
   1.52907899553948        1.15869982189990       0.807639393096738     
  0.531052647245969       0.337580076269022       0.205359865168744     
  0.111131492859315       3.626174763473788E-002
   2.26801480115590        2.21224866906982        1.91888092008408     
   1.52907899553948        1.15869982189990       0.807639393096738     
  0.531052647245969       0.337580076269022       0.205359865168744     
  0.111131492859315       3.626174763473788E-002
   41763209028449.0        41669649994837.1        41366131563405.6     
   40313503349261.2        38475166935026.0        36641999446612.9     
   36389669423323.1        36904911825845.2        35727996089193.2     
   29339581156130.1        14418159061025.5     
  0.000000000000000E+000  0.000000000000000E+000  0.000000000000000E+000
  0.000000000000000E+000  0.000000000000000E+000  0.000000000000000E+000
  0.000000000000000E+000  0.000000000000000E+000  0.000000000000000E+000
  0.000000000000000E+000  0.000000000000000E+000
   1.50000000000000        1.50000000000000        1.50000000000000     
   1.50000000000000        1.50000000000000        1.50000000000000     
   1.50000000000000        1.50000000000000        1.50000000000000     
   1.50000000000000        1.50000000000000     
  0.000000000000000E+000
  0.000000000000000E+000
  0.000000000000000E+000
  0.000000000000000E+000
  0.000000000000000E+000
   1269825.47051521     
   1334887.76326333     
  0.000000000000000E+000
  0.000000000000000E+000
  0.000000000000000E+000
  0.000000000000000E+000
  0.000000000000000E+000
  0.000000000000000E+000
  0.000000000000000E+000
   1474076.47328223     
  0.000000000000000E+000
