           1
          11
 rho_tor
  0.100000000000000     
  0.000000000000000E+000  0.100000000000000       0.200000000000000     
  0.300000000000000       0.400000000000000       0.500000000000000     
  0.600000000000000       0.700000000000000       0.800000000000000     
  0.900000000000000        1.00000000000000     
   1.26974375148490        1.25606112001910        1.17267216957090     
   1.02913765966128       0.850130540411766       0.671420362496228     
  0.507232202510528       0.354510608110661       0.222679947736139     
  0.120536721532727       2.000000000000000E-002
   1.26974375148490        1.25606112001910        1.17267216957090     
   1.02913765966128       0.850130540411766       0.671420362496228     
  0.507232202510528       0.354510608110661       0.222679947736139     
  0.120536721532727       2.000000000000000E-002
   21152144329377.4        20635519744863.5        19893937352059.4     
   18852852209272.1        18473248803951.7        18942958244061.1     
   18705992885249.4        17858824583978.6        17642985472323.5     
   15699472097161.5        5588124458087.57     
  0.000000000000000E+000  0.000000000000000E+000  0.000000000000000E+000
  0.000000000000000E+000  0.000000000000000E+000  0.000000000000000E+000
  0.000000000000000E+000  0.000000000000000E+000  0.000000000000000E+000
  0.000000000000000E+000  0.000000000000000E+000
   1.50000000000000        1.50000000000000        1.50000000000000     
   1.50000000000000        1.50000000000000        1.50000000000000     
   1.50000000000000        1.50000000000000        1.50000000000000     
   1.50000000000000        1.50000000000000     
  0.000000000000000E+000
  0.000000000000000E+000
  0.000000000000000E+000
  0.000000000000000E+000
  0.000000000000000E+000
  0.000000000000000E+000
  0.000000000000000E+000
  0.000000000000000E+000
  0.000000000000000E+000
  0.000000000000000E+000
  0.000000000000000E+000
  0.000000000000000E+000
  0.000000000000000E+000
  0.000000000000000E+000
  0.000000000000000E+000
  0.000000000000000E+000
