           1
          11
 rho_tor
  0.100000000000000     
  0.000000000000000E+000  0.100000000000000       0.200000000000000     
  0.300000000000000       0.400000000000000       0.500000000000000     
  0.600000000000000       0.700000000000000       0.800000000000000     
  0.900000000000000        1.00000000000000     
   2.14918930426479        2.11916127632512        1.94876019479920     
   1.67936941905015        1.36738790925309        1.03583782277551     
  0.743081863739385       0.507434839156229       0.313387334504493     
  0.168051969280429       2.000000000000000E-002
   2.14918930426479        2.11916127632512        1.94876019479920     
   1.67936941905015        1.36738790925309        1.03583782277551     
  0.743081863739385       0.507434839156229       0.313387334504493     
  0.168051969280429       2.000000000000000E-002
   68982800670903.9        68059256642579.6        66655896916534.7     
   63435974781125.5        58964493875227.6        54210765450509.9     
   52171625046839.2        50623065861458.8        47124302152185.7     
   41877879076346.7        12621915759386.6     
  0.000000000000000E+000  0.000000000000000E+000  0.000000000000000E+000
  0.000000000000000E+000  0.000000000000000E+000  0.000000000000000E+000
  0.000000000000000E+000  0.000000000000000E+000  0.000000000000000E+000
  0.000000000000000E+000  0.000000000000000E+000
   1.50000000000000        1.50000000000000        1.50000000000000     
   1.50000000000000        1.50000000000000        1.50000000000000     
   1.50000000000000        1.50000000000000        1.50000000000000     
   1.50000000000000        1.50000000000000     
  0.000000000000000E+000
  0.000000000000000E+000
   1070369.87500000     
   1032390.00000000     
  0.000000000000000E+000
   1261620.00000000     
  0.000000000000000E+000
  0.000000000000000E+000
   1701720.00000000     
   1578510.12500000     
   1786860.00000000     
   1808460.00000000     
  0.000000000000000E+000
  0.000000000000000E+000
   1480230.00000000     
  0.000000000000000E+000
