           1
          11
 rho_tor
  0.100000000000000     
  0.000000000000000E+000  0.100000000000000       0.200000000000000     
  0.300000000000000       0.400000000000000       0.500000000000000     
  0.600000000000000       0.700000000000000       0.800000000000000     
  0.900000000000000        1.00000000000000     
   1.86416866915970        1.83077217870705        1.65897727930508     
   1.40285320122525        1.12166515779394       0.839094379434782     
  0.601875035767312       0.414074521107115       0.263394341600360     
  0.152528590868963       3.535593551576385E-002
   1.86416866915970        1.83077217870705        1.65897727930508     
   1.40285320122525        1.12166515779394       0.839094379434782     
  0.601875035767312       0.414074521107115       0.263394341600360     
  0.152528590868963       3.535593551576386E-002
   69314125582730.8        68276621870762.6        66629698857291.0     
   63316111752438.6        59528710588374.2        56145248903940.2     
   54422637553783.2        51995538086126.8        49652671614805.0     
   44186852740161.4        12339536887499.7     
  0.000000000000000E+000  0.000000000000000E+000  0.000000000000000E+000
  0.000000000000000E+000  0.000000000000000E+000  0.000000000000000E+000
  0.000000000000000E+000  0.000000000000000E+000  0.000000000000000E+000
  0.000000000000000E+000  0.000000000000000E+000
   1.50000000000000        1.50000000000000        1.50000000000000     
   1.50000000000000        1.50000000000000        1.50000000000000     
   1.50000000000000        1.50000000000000        1.50000000000000     
   1.50000000000000        1.50000000000000     
  0.000000000000000E+000
  0.000000000000000E+000
   1072350.00000000     
   1032390.00000000     
  0.000000000000000E+000
   1261620.00000000     
  0.000000000000000E+000
  0.000000000000000E+000
   1650420.00000000     
   1539450.12500000     
   1782720.00000000     
   1814670.12500000     
  0.000000000000000E+000
  0.000000000000000E+000
   1478160.00000000     
  0.000000000000000E+000
