           1
          11
 rho_tor
  0.100000000000000     
  0.000000000000000E+000  0.100000000000000       0.200000000000000     
  0.300000000000000       0.400000000000000       0.500000000000000     
  0.600000000000000       0.700000000000000       0.800000000000000     
  0.900000000000000        1.00000000000000     
   1.88478817448672        1.85013419006537        1.67340057880544     
   1.41193641992780        1.12304022813646       0.827602976829383     
  0.577311437436813       0.382191904129230       0.229721352834132     
  0.123638477553638       2.000000000000000E-002
   1.88478817448672        1.85013419006536        1.67340057880544     
   1.41193641992780        1.12304022813646       0.827602976829383     
  0.577311437436813       0.382191904129230       0.229721352834132     
  0.123638477553638       2.000000000000000E-002
   64472790392838.4        63846722186942.1        62878330852416.9     
   60731447973112.5        57705148789195.8        54261114833764.4     
   52818942408499.2        51459577678671.3        50747512751839.0     
   47931397750529.0        14150481534458.8     
  0.000000000000000E+000  0.000000000000000E+000  0.000000000000000E+000
  0.000000000000000E+000  0.000000000000000E+000  0.000000000000000E+000
  0.000000000000000E+000  0.000000000000000E+000  0.000000000000000E+000
  0.000000000000000E+000  0.000000000000000E+000
   1.50000000000000        1.50000000000000        1.50000000000000     
   1.50000000000000        1.50000000000000        1.50000000000000     
   1.50000000000000        1.50000000000000        1.50000000000000     
   1.50000000000000        1.50000000000000     
  0.000000000000000E+000
  0.000000000000000E+000
   1060560.00000000     
   1028534.92005705     
  0.000000000000000E+000
   1249330.51730042     
  0.000000000000000E+000
  0.000000000000000E+000
   1705891.20912550     
   1582622.54287078     
   1743815.56653999     
   1824976.81368826     
  0.000000000000000E+000
  0.000000000000000E+000
   1429123.67614086     
  0.000000000000000E+000
