           1
          11
 rho_tor
  0.100000000000000     
  0.000000000000000E+000  0.100000000000000       0.200000000000000     
  0.300000000000000       0.400000000000000       0.500000000000000     
  0.600000000000000       0.700000000000000       0.800000000000000     
  0.900000000000000        1.00000000000000     
   2.35688861181293        2.31065043342076        2.05166666348504     
   1.67881437990791        1.29512801652394       0.909542882212578     
  0.598560488522233       0.375817031402429       0.218341576076799     
  0.118793726458850       3.410704304293306E-002
   2.35688861181293        2.31065043342076        2.05166666348504     
   1.67881437990791        1.29512801652394       0.909542882212578     
  0.598560488522233       0.375817031402429       0.218341576076799     
  0.118793726458850       3.410704304293306E-002
   45201906149160.6        44783029915520.3        44139777274540.7     
   42985112174912.2        41839346770679.1        41602940442744.3     
   44210770165900.7        46856095309160.9        50898882700796.3     
   51983593242762.5        18984514914378.9     
  0.000000000000000E+000  0.000000000000000E+000  0.000000000000000E+000
  0.000000000000000E+000  0.000000000000000E+000  0.000000000000000E+000
  0.000000000000000E+000  0.000000000000000E+000  0.000000000000000E+000
  0.000000000000000E+000  0.000000000000000E+000
   1.50000000000000        1.50000000000000        1.50000000000000     
   1.50000000000000        1.50000000000000        1.50000000000000     
   1.50000000000000        1.50000000000000        1.50000000000000     
   1.50000000000000        1.50000000000000     
  0.000000000000000E+000
  0.000000000000000E+000
  0.000000000000000E+000
  0.000000000000000E+000
  0.000000000000000E+000
   1253453.42738563     
   1332837.97433222     
  0.000000000000000E+000
   1722252.57251915     
   1586736.19370249     
  0.000000000000000E+000
  0.000000000000000E+000
  0.000000000000000E+000
  0.000000000000000E+000
  0.000000000000000E+000
  0.000000000000000E+000
