           1
          11
 rho_tor
  0.100000000000000     
  0.000000000000000E+000  0.100000000000000       0.200000000000000     
  0.300000000000000       0.400000000000000       0.500000000000000     
  0.600000000000000       0.700000000000000       0.800000000000000     
  0.900000000000000        1.00000000000000     
   2.29355503419796        2.23736823519824        1.93937580088208     
   1.54175192382615        1.16498852420507       0.810582812579451     
  0.533406070433442       0.341818223448495       0.212117153215192     
  0.119589331314153       4.593838448907708E-002
   2.29355503419796        2.23736823519824        1.93937580088208     
   1.54175192382615        1.16498852420507       0.810582812579451     
  0.533406070433442       0.341818223448495       0.212117153215192     
  0.119589331314153       4.593838448907708E-002
   40775215932068.7        40646515325036.7        40333120350168.2     
   39391811126154.2        37791016097050.3        36224211203499.9     
   36196253517286.6        36951486866379.3        35645330369948.4     
   28942243842321.5        14063974866894.3     
  0.000000000000000E+000  0.000000000000000E+000  0.000000000000000E+000
  0.000000000000000E+000  0.000000000000000E+000  0.000000000000000E+000
  0.000000000000000E+000  0.000000000000000E+000  0.000000000000000E+000
  0.000000000000000E+000  0.000000000000000E+000
   1.50000000000000        1.50000000000000        1.50000000000000     
   1.50000000000000        1.50000000000000        1.50000000000000     
   1.50000000000000        1.50000000000000        1.50000000000000     
   1.50000000000000        1.50000000000000     
  0.000000000000000E+000
  0.000000000000000E+000
  0.000000000000000E+000
  0.000000000000000E+000
  0.000000000000000E+000
   1271807.30057246     
   1334890.92356866     
  0.000000000000000E+000
  0.000000000000000E+000
  0.000000000000000E+000
  0.000000000000000E+000
  0.000000000000000E+000
  0.000000000000000E+000
  0.000000000000000E+000
   1476144.89312957     
  0.000000000000000E+000
