           1
          11
 rho_tor
  0.100000000000000     
  0.000000000000000E+000  0.100000000000000       0.200000000000000     
  0.300000000000000       0.400000000000000       0.500000000000000     
  0.600000000000000       0.700000000000000       0.800000000000000     
  0.900000000000000        1.00000000000000     
   2.32046959529415        2.26539862803854        1.96617491651652     
   1.56286787740137        1.18159903917772       0.822180980343755     
  0.541452759380117       0.346631021146558       0.211860877439741     
  0.118257571664487       4.103443670163636E-002
   2.32046959529415        2.26539862803854        1.96617491651652     
   1.56286787740137        1.18159903917772       0.822180980343755     
  0.541452759380117       0.346631021146558       0.211860877439741     
  0.118257571664487       4.103443670163637E-002
   40076338101919.0        40059523101509.7        39878306208376.1     
   38938464966203.2        37117289859310.4        35339557921383.8     
   35452555408922.1        35336755398738.2        33996925740559.9     
   28642896951259.7        12355455451689.5     
  0.000000000000000E+000  0.000000000000000E+000  0.000000000000000E+000
  0.000000000000000E+000  0.000000000000000E+000  0.000000000000000E+000
  0.000000000000000E+000  0.000000000000000E+000  0.000000000000000E+000
  0.000000000000000E+000  0.000000000000000E+000
   1.50000000000000        1.50000000000000        1.50000000000000     
   1.50000000000000        1.50000000000000        1.50000000000000     
   1.50000000000000        1.50000000000000        1.50000000000000     
   1.50000000000000        1.50000000000000     
  0.000000000000000E+000
  0.000000000000000E+000
  0.000000000000000E+000
  0.000000000000000E+000
  0.000000000000000E+000
   1273864.67185117     
   1336860.00000000     
  0.000000000000000E+000
  0.000000000000000E+000
  0.000000000000000E+000
  0.000000000000000E+000
  0.000000000000000E+000
  0.000000000000000E+000
  0.000000000000000E+000
   1500743.87299615     
  0.000000000000000E+000
