           1
          11
 rho_tor
  0.100000000000000     
  0.000000000000000E+000  0.100000000000000       0.200000000000000     
  0.300000000000000       0.400000000000000       0.500000000000000     
  0.600000000000000       0.700000000000000       0.800000000000000     
  0.900000000000000        1.00000000000000     
   2.10608213800156        2.07874313616653        1.91935954795493     
   1.66047752789280        1.35418450037160        1.02851645075272     
  0.740187169552471       0.504081152968512       0.313880763517110     
  0.173752916747785       2.982663770497927E-002
   2.10608213800156        2.07874313616653        1.91935954795493     
   1.66047752789280        1.35418450037160        1.02851645075272     
  0.740187169552471       0.504081152968512       0.313880763517110     
  0.173752916747785       2.982663770497928E-002
   72434251752111.2        70950388655653.8        68779706958968.7     
   64402391638100.8        59472378628944.9        55155636956950.1     
   52887540121257.8        51476197943952.7        50050483919894.5     
   44069085769816.3        13297156712126.9     
  0.000000000000000E+000  0.000000000000000E+000  0.000000000000000E+000
  0.000000000000000E+000  0.000000000000000E+000  0.000000000000000E+000
  0.000000000000000E+000  0.000000000000000E+000  0.000000000000000E+000
  0.000000000000000E+000  0.000000000000000E+000
   1.50000000000000        1.50000000000000        1.50000000000000     
   1.50000000000000        1.50000000000000        1.50000000000000     
   1.50000000000000        1.50000000000000        1.50000000000000     
   1.50000000000000        1.50000000000000     
  0.000000000000000E+000
  0.000000000000000E+000
   1064507.95437267     
   1030416.08531367     
  0.000000000000000E+000
   1261660.38003787     
  0.000000000000000E+000
  0.000000000000000E+000
   1691506.81368804     
   1578560.08697700     
   1795121.86311760     
   1796260.64192000     
  0.000000000000000E+000
  0.000000000000000E+000
   1496685.01140656     
  0.000000000000000E+000
