           1
          11
 rho_tor
  0.100000000000000     
  0.000000000000000E+000  0.100000000000000       0.200000000000000     
  0.300000000000000       0.400000000000000       0.500000000000000     
  0.600000000000000       0.700000000000000       0.800000000000000     
  0.900000000000000        1.00000000000000     
   2.17470910851457        2.12184364621855        1.84087999109947     
   1.46443170077635        1.10508525785215       0.767907847882027     
  0.502255220433469       0.315547473292332       0.188606802891340     
  9.577601001720533E-002  2.280972376810772E-002
   2.17470910851457        2.12184364621855        1.84087999109947     
   1.46443170077635        1.10508525785215       0.767907847882027     
  0.502255220433469       0.315547473292332       0.188606802891340     
  9.577601001720533E-002  2.280972376810772E-002
   43610608063348.2        43180481786669.3        42396343109792.0     
   40938308299185.3        39261255656370.9        37892453137599.7     
   37557516915789.4        38538683943939.1        37463445916348.3     
   30145535523894.9        15765562552390.5     
  0.000000000000000E+000  0.000000000000000E+000  0.000000000000000E+000
  0.000000000000000E+000  0.000000000000000E+000  0.000000000000000E+000
  0.000000000000000E+000  0.000000000000000E+000  0.000000000000000E+000
  0.000000000000000E+000  0.000000000000000E+000
   1.50000000000000        1.50000000000000        1.50000000000000     
   1.50000000000000        1.50000000000000        1.50000000000000     
   1.50000000000000        1.50000000000000        1.50000000000000     
   1.50000000000000        1.50000000000000     
  0.000000000000000E+000
  0.000000000000000E+000
  0.000000000000000E+000
  0.000000000000000E+000
  0.000000000000000E+000
   1271796.42157792     
   1330739.87500000     
  0.000000000000000E+000
  0.000000000000000E+000
  0.000000000000000E+000
  0.000000000000000E+000
  0.000000000000000E+000
  0.000000000000000E+000
  0.000000000000000E+000
   1484441.72623547     
  0.000000000000000E+000
