           1
          11
 rho_tor
  0.100000000000000     
  0.000000000000000E+000  0.100000000000000       0.200000000000000     
  0.300000000000000       0.400000000000000       0.500000000000000     
  0.600000000000000       0.700000000000000       0.800000000000000     
  0.900000000000000        1.00000000000000     
   2.10772207039490        2.07994875464940        1.91848327620567     
   1.65742275659990        1.35009935564624        1.02372094661556     
  0.735424351712375       0.498823196053439       0.303553677951250     
  0.170042678764519       2.928574956486713E-002
   2.10772207039490        2.07994875464940        1.91848327620567     
   1.65742275659990        1.35009935564624        1.02372094661556     
  0.735424351712375       0.498823196053439       0.303553677951250     
  0.170042678764519       2.928574956486714E-002
   72955433235659.7        71478498032603.9        69348619951227.4     
   65022689705387.9        60026655572560.1        55405753701341.6     
   52973232345834.1        50523595656311.1        49330669190409.6     
   48980475155974.1        11595062776921.6     
  0.000000000000000E+000  0.000000000000000E+000  0.000000000000000E+000
  0.000000000000000E+000  0.000000000000000E+000  0.000000000000000E+000
  0.000000000000000E+000  0.000000000000000E+000  0.000000000000000E+000
  0.000000000000000E+000  0.000000000000000E+000
   1.50000000000000        1.50000000000000        1.50000000000000     
   1.50000000000000        1.50000000000000        1.50000000000000     
   1.50000000000000        1.50000000000000        1.50000000000000     
   1.50000000000000        1.50000000000000     
  0.000000000000000E+000
  0.000000000000000E+000
   1066517.93155895     
   1030425.11943918     
  0.000000000000000E+000
   1259571.76425858     
  0.000000000000000E+000
  0.000000000000000E+000
   1693580.08678712     
   1578531.88925858     
   1792983.27309886     
   1800313.92690118     
  0.000000000000000E+000
  0.000000000000000E+000
   1494658.06083653     
  0.000000000000000E+000
