           1
          11
 rho_tor
  0.100000000000000     
  0.000000000000000E+000  0.100000000000000       0.200000000000000     
  0.300000000000000       0.400000000000000       0.500000000000000     
  0.600000000000000       0.700000000000000       0.800000000000000     
  0.900000000000000        1.00000000000000     
   2.26012710090107        2.20618351979317        1.91782894700803     
   1.52720583240461        1.15340306328418       0.802018836574293     
  0.528446413705642       0.338025720421624       0.207413915255533     
  0.115894285470021       4.721493653685267E-002
   2.26012710090107        2.20618351979317        1.91782894700803     
   1.52720583240461        1.15340306328418       0.802018836574293     
  0.528446413705642       0.338025720421624       0.207413915255533     
  0.115894285470021       4.721493653685269E-002
   41818183508970.2        41678629178668.5        41311955441034.0     
   40224496664468.3        38500336489318.5        37005491461496.0     
   37201114599381.6        37596014861953.6        36184226464986.8     
   30724318133487.2        15935407153371.7     
  0.000000000000000E+000  0.000000000000000E+000  0.000000000000000E+000
  0.000000000000000E+000  0.000000000000000E+000  0.000000000000000E+000
  0.000000000000000E+000  0.000000000000000E+000  0.000000000000000E+000
  0.000000000000000E+000  0.000000000000000E+000
   1.50000000000000        1.50000000000000        1.50000000000000     
   1.50000000000000        1.50000000000000        1.50000000000000     
   1.50000000000000        1.50000000000000        1.50000000000000     
   1.50000000000000        1.50000000000000     
  0.000000000000000E+000
  0.000000000000000E+000
  0.000000000000000E+000
  0.000000000000000E+000
  0.000000000000000E+000
   1271805.78893139     
   1336869.41211837     
  0.000000000000000E+000
  0.000000000000000E+000
  0.000000000000000E+000
  0.000000000000000E+000
  0.000000000000000E+000
  0.000000000000000E+000
  0.000000000000000E+000
   1474071.73282472     
  0.000000000000000E+000
