           1
          11
 rho_tor
  0.100000000000000     
  0.000000000000000E+000  0.100000000000000       0.200000000000000     
  0.300000000000000       0.400000000000000       0.500000000000000     
  0.600000000000000       0.700000000000000       0.800000000000000     
  0.900000000000000        1.00000000000000     
   2.20721448946978        2.16127421449520        1.90158565102369     
   1.53577800958105        1.17835318886521       0.840744577723168     
  0.568671574388074       0.368628155053950       0.227072140430034     
  0.122815288256642       4.651637725117245E-002
   2.20721448946978        2.16127421449520        1.90158565102369     
   1.53577800958105        1.17835318886521       0.840744577723168     
  0.568671574388074       0.368628155053950       0.227072140430034     
  0.122815288256642       4.651637725117246E-002
   44477982715085.0        43993961432039.1        43112395378715.6     
   41504786872103.8        39753868798290.1        38252113332082.8     
   37274650440379.7        37684378102891.6        36710637593775.5     
   30668984990257.5        18207807708775.9     
  0.000000000000000E+000  0.000000000000000E+000  0.000000000000000E+000
  0.000000000000000E+000  0.000000000000000E+000  0.000000000000000E+000
  0.000000000000000E+000  0.000000000000000E+000  0.000000000000000E+000
  0.000000000000000E+000  0.000000000000000E+000
   1.50000000000000        1.50000000000000        1.50000000000000     
   1.50000000000000        1.50000000000000        1.50000000000000     
   1.50000000000000        1.50000000000000        1.50000000000000     
   1.50000000000000        1.50000000000000     
  0.000000000000000E+000
  0.000000000000000E+000
   1062533.97718631     
   1038326.92618821     
  0.000000000000000E+000
  0.000000000000000E+000
   1328809.68821297     
  0.000000000000000E+000
   1683307.50551334     
   1562130.61596967     
  0.000000000000000E+000
  0.000000000000000E+000
  0.000000000000000E+000
  0.000000000000000E+000
   1447579.97271882     
  0.000000000000000E+000
