           1
          11
 rho_tor
  0.100000000000000     
  0.000000000000000E+000  0.100000000000000       0.200000000000000     
  0.300000000000000       0.400000000000000       0.500000000000000     
  0.600000000000000       0.700000000000000       0.800000000000000     
  0.900000000000000        1.00000000000000     
   2.26567118998536        2.21001445490044        1.91180878123222     
   1.50794928888266        1.12233340909144       0.758691826894159     
  0.481297292164021       0.298307073201269       0.178799568509081     
  0.100276569452474       3.523726332360450E-002
   2.26567118998536        2.21001445490044        1.91180878123222     
   1.50794928888266        1.12233340909144       0.758691826894159     
  0.481297292164021       0.298307073201269       0.178799568509081     
  0.100276569452474       3.523726332360450E-002
   39082324511189.2        39154352714685.6        39129585642799.4     
   38355688196417.5        36499323558344.5        34603899047688.3     
   34968425999499.0        34844062640804.4        33487376533969.9     
   27895003590523.6        11283769206383.1     
  0.000000000000000E+000  0.000000000000000E+000  0.000000000000000E+000
  0.000000000000000E+000  0.000000000000000E+000  0.000000000000000E+000
  0.000000000000000E+000  0.000000000000000E+000  0.000000000000000E+000
  0.000000000000000E+000  0.000000000000000E+000
   1.50000000000000        1.50000000000000        1.50000000000000     
   1.50000000000000        1.50000000000000        1.50000000000000     
   1.50000000000000        1.50000000000000        1.50000000000000     
   1.50000000000000        1.50000000000000     
  0.000000000000000E+000
  0.000000000000000E+000
  0.000000000000000E+000
  0.000000000000000E+000
  0.000000000000000E+000
  0.000000000000000E+000
  0.000000000000000E+000
  0.000000000000000E+000
  0.000000000000000E+000
  0.000000000000000E+000
  0.000000000000000E+000
  0.000000000000000E+000
  0.000000000000000E+000
  0.000000000000000E+000
   1517148.13688206     
  0.000000000000000E+000
