           1
          11
 rho_tor
  0.100000000000000     
  0.000000000000000E+000  0.100000000000000       0.200000000000000     
  0.300000000000000       0.400000000000000       0.500000000000000     
  0.600000000000000       0.700000000000000       0.800000000000000     
  0.900000000000000        1.00000000000000     
   1.93589948565239        1.88062953299670        1.61639524239947     
   1.27667587691712       0.947550841259359       0.644841704538128     
  0.410680979193855       0.252657910153882       0.150150200271146     
  8.336737898980434E-002  3.273860536452847E-002
   1.93589948565239        1.88062953299670        1.61639524239948     
   1.27667587691712       0.947550841259359       0.644841704538128     
  0.410680979193855       0.252657910153882       0.150150200271146     
  8.336737898980434E-002  3.273860536452847E-002
   32342414769326.2        32183719992470.6        31800783226889.3     
   30711092899390.7        29020087908338.6        27613194919096.0     
   27882384235036.8        27566783781006.3        25899351919391.4     
   21995426965813.0        10280539393935.0     
  0.000000000000000E+000  0.000000000000000E+000  0.000000000000000E+000
  0.000000000000000E+000  0.000000000000000E+000  0.000000000000000E+000
  0.000000000000000E+000  0.000000000000000E+000  0.000000000000000E+000
  0.000000000000000E+000  0.000000000000000E+000
   1.50000000000000        1.50000000000000        1.50000000000000     
   1.50000000000000        1.50000000000000        1.50000000000000     
   1.50000000000000        1.50000000000000        1.50000000000000     
   1.50000000000000        1.50000000000000     
  0.000000000000000E+000
  0.000000000000000E+000
  0.000000000000000E+000
  0.000000000000000E+000
  0.000000000000000E+000
  0.000000000000000E+000
  0.000000000000000E+000
  0.000000000000000E+000
  0.000000000000000E+000
  0.000000000000000E+000
  0.000000000000000E+000
  0.000000000000000E+000
  0.000000000000000E+000
  0.000000000000000E+000
  0.000000000000000E+000
  0.000000000000000E+000
