           1
          11
 rho_tor
  0.100000000000000     
  0.000000000000000E+000  0.100000000000000       0.200000000000000     
  0.300000000000000       0.400000000000000       0.500000000000000     
  0.600000000000000       0.700000000000000       0.800000000000000     
  0.900000000000000        1.00000000000000     
   2.00607139135877        1.97579976100397        1.81448742218988     
   1.56545951059035        1.28074448293162       0.980416557692518     
  0.714624836268776       0.495311689843750       0.312841791323049     
  0.169613243480265       3.916003965477226E-002
   2.00607139135877        1.97579976100397        1.81448742218988     
   1.56545951059035        1.28074448293162       0.980416557692518     
  0.714624836268776       0.495311689843750       0.312841791323049     
  0.169613243480265       3.916003965477226E-002
   70296349020842.6        69096966427197.0        67302166916141.1     
   63743490571053.5        59640024924408.9        55790321082826.1     
   53527228263598.2        51307635605318.8        47829597133171.7     
   40721305016101.2        17349915808010.7     
  0.000000000000000E+000  0.000000000000000E+000  0.000000000000000E+000
  0.000000000000000E+000  0.000000000000000E+000  0.000000000000000E+000
  0.000000000000000E+000  0.000000000000000E+000  0.000000000000000E+000
  0.000000000000000E+000  0.000000000000000E+000
   1.50000000000000        1.50000000000000        1.50000000000000     
   1.50000000000000        1.50000000000000        1.50000000000000     
   1.50000000000000        1.50000000000000        1.50000000000000     
   1.50000000000000        1.50000000000000     
  0.000000000000000E+000
  0.000000000000000E+000
   1074316.46564891     
   1032390.00000000     
  0.000000000000000E+000
   1263606.25200379     
  0.000000000000000E+000
  0.000000000000000E+000
   1709990.46278629     
   1582566.37681295     
   1782745.07643120     
   1814660.71269087     
  0.000000000000000E+000
  0.000000000000000E+000
   1478202.32061053     
  0.000000000000000E+000
