           1
          11
 rho_tor
  0.100000000000000     
  0.000000000000000E+000  0.100000000000000       0.200000000000000     
  0.300000000000000       0.400000000000000       0.500000000000000     
  0.600000000000000       0.700000000000000       0.800000000000000     
  0.900000000000000        1.00000000000000     
   1.22647106363607        1.20783982386851        1.11150172773643     
  0.964930081352599       0.799303590164328       0.635942058822228     
  0.487827589037180       0.359623095659848       0.244655494253826     
  0.141203641723384       2.000000000000000E-002
   1.22647106363607        1.20783982386851        1.11150172773644     
  0.964930081352599       0.799303590164328       0.635942058822228     
  0.487827589037180       0.359623095659848       0.244655494253826     
  0.141203641723384       2.000000000000000E-002
   12201968755909.4        12014718259144.1        11761713672954.1     
   11339026188620.8        10890951069061.2        10486228756384.4     
   10524985135812.4        10481646425380.9        9475463781716.26     
   7605434534552.82        2247476384973.55     
  0.000000000000000E+000  0.000000000000000E+000  0.000000000000000E+000
  0.000000000000000E+000  0.000000000000000E+000  0.000000000000000E+000
  0.000000000000000E+000  0.000000000000000E+000  0.000000000000000E+000
  0.000000000000000E+000  0.000000000000000E+000
   1.50000000000000        1.50000000000000        1.50000000000000     
   1.50000000000000        1.50000000000000        1.50000000000000     
   1.50000000000000        1.50000000000000        1.50000000000000     
   1.50000000000000        1.50000000000000     
  0.000000000000000E+000
  0.000000000000000E+000
  0.000000000000000E+000
  0.000000000000000E+000
  0.000000000000000E+000
  0.000000000000000E+000
  0.000000000000000E+000
  0.000000000000000E+000
  0.000000000000000E+000
  0.000000000000000E+000
  0.000000000000000E+000
  0.000000000000000E+000
  0.000000000000000E+000
  0.000000000000000E+000
  0.000000000000000E+000
  0.000000000000000E+000
