           1
          11
 rho_tor
  0.100000000000000     
  0.000000000000000E+000  0.100000000000000       0.200000000000000     
  0.300000000000000       0.400000000000000       0.500000000000000     
  0.600000000000000       0.700000000000000       0.800000000000000     
  0.900000000000000        1.00000000000000     
   2.27739238107224        2.22141048811258        1.92629075535494     
   1.53318828918441        1.16029353694518       0.810330025389453     
  0.536558984942497       0.345150248998876       0.214339047014781     
  0.121452862149714       4.723755379787707E-002
   2.27739238107224        2.22141048811257        1.92629075535495     
   1.53318828918441        1.16029353694518       0.810330025389453     
  0.536558984942497       0.345150248998876       0.214339047014781     
  0.121452862149714       4.723755379787708E-002
   41523424383718.8        41340231824945.2        40916280480667.6     
   39833228578100.7        38247694861109.7        36785783872937.5     
   36474913179652.4        36688982643637.5        35265152153748.6     
   28788371183623.8        13841077604520.8     
  0.000000000000000E+000  0.000000000000000E+000  0.000000000000000E+000
  0.000000000000000E+000  0.000000000000000E+000  0.000000000000000E+000
  0.000000000000000E+000  0.000000000000000E+000  0.000000000000000E+000
  0.000000000000000E+000  0.000000000000000E+000
   1.50000000000000        1.50000000000000        1.50000000000000     
   1.50000000000000        1.50000000000000        1.50000000000000     
   1.50000000000000        1.50000000000000        1.50000000000000     
   1.50000000000000        1.50000000000000     
  0.000000000000000E+000
  0.000000000000000E+000
  0.000000000000000E+000
  0.000000000000000E+000
  0.000000000000000E+000
   1271821.33374528     
   1332828.49096960     
  0.000000000000000E+000
  0.000000000000000E+000
  0.000000000000000E+000
  0.000000000000000E+000
  0.000000000000000E+000
  0.000000000000000E+000
  0.000000000000000E+000
   1476180.61615978     
  0.000000000000000E+000
