           1
          11
 rho_tor
  0.100000000000000     
  0.000000000000000E+000  0.100000000000000       0.200000000000000     
  0.300000000000000       0.400000000000000       0.500000000000000     
  0.600000000000000       0.700000000000000       0.800000000000000     
  0.900000000000000        1.00000000000000     
   1.95426237634738        1.91545688993127        1.72101534320084     
   1.44536428415823        1.14983495745978       0.846240194637502     
  0.590667357313770       0.393612906042265       0.239582097152998     
  0.126939666767313       2.549362323221431E-002
   1.95426237634737        1.91545688993126        1.72101534320084     
   1.44536428415823        1.14983495745978       0.846240194637502     
  0.590667357313770       0.393612906042265       0.239582097152998     
  0.126939666767313       2.549362323221432E-002
   65957477387585.5        64798193020535.1        62939103812338.5     
   59455046571882.9        55637130704552.2        52373033471029.5     
   50931742742249.5        48928295456844.8        46110253953935.4     
   39910527345073.3        14999470500653.1     
  0.000000000000000E+000  0.000000000000000E+000  0.000000000000000E+000
  0.000000000000000E+000  0.000000000000000E+000  0.000000000000000E+000
  0.000000000000000E+000  0.000000000000000E+000  0.000000000000000E+000
  0.000000000000000E+000  0.000000000000000E+000
   1.50000000000000        1.50000000000000        1.50000000000000     
   1.50000000000000        1.50000000000000        1.50000000000000     
   1.50000000000000        1.50000000000000        1.50000000000000     
   1.50000000000000        1.50000000000000     
  0.000000000000000E+000
  0.000000000000000E+000
  0.000000000000000E+000
  0.000000000000000E+000
  0.000000000000000E+000
   1259546.85171104     
   1320576.03488591     
  0.000000000000000E+000
   1724263.18650208     
   1588763.70342208     
  0.000000000000000E+000
  0.000000000000000E+000
  0.000000000000000E+000
  0.000000000000000E+000
   1486390.77880213     
  0.000000000000000E+000
