           1
          11
 rho_tor
  0.100000000000000     
  0.000000000000000E+000  0.100000000000000       0.200000000000000     
  0.300000000000000       0.400000000000000       0.500000000000000     
  0.600000000000000       0.700000000000000       0.800000000000000     
  0.900000000000000        1.00000000000000     
   1.94551072455634        1.90645941823043        1.70749220104880     
   1.42392907233206        1.12426189624161       0.818659137209807     
  0.563396821790494       0.369352851331898       0.219616047044847     
  0.118528416926357       2.985424743848402E-002
   1.94551072455634        1.90645941823043        1.70749220104880     
   1.42392907233206        1.12426189624161       0.818659137209807     
  0.563396821790494       0.369352851331898       0.219616047044847     
  0.118528416926357       2.985424743848403E-002
   65075020275784.0        64440526209842.2        63374533969801.6     
   60922072147806.3        57466083285025.8        53753936807455.2     
   52481528050625.8        50767204456544.7        50159070233136.0     
   48810128992734.6        16684327704179.1     
  0.000000000000000E+000  0.000000000000000E+000  0.000000000000000E+000
  0.000000000000000E+000  0.000000000000000E+000  0.000000000000000E+000
  0.000000000000000E+000  0.000000000000000E+000  0.000000000000000E+000
  0.000000000000000E+000  0.000000000000000E+000
   1.50000000000000        1.50000000000000        1.50000000000000     
   1.50000000000000        1.50000000000000        1.50000000000000     
   1.50000000000000        1.50000000000000        1.50000000000000     
   1.50000000000000        1.50000000000000     
  0.000000000000000E+000
  0.000000000000000E+000
  0.000000000000000E+000
  0.000000000000000E+000
  0.000000000000000E+000
   1273850.69201524     
   1328760.00000000     
  0.000000000000000E+000
   1726330.03821311     
   1590743.84049432     
  0.000000000000000E+000
  0.000000000000000E+000
  0.000000000000000E+000
  0.000000000000000E+000
   1492594.35741432     
  0.000000000000000E+000
