           1
          11
 rho_tor
  0.100000000000000     
  0.000000000000000E+000  0.100000000000000       0.200000000000000     
  0.300000000000000       0.400000000000000       0.500000000000000     
  0.600000000000000       0.700000000000000       0.800000000000000     
  0.900000000000000        1.00000000000000     
   1.95770142213141        1.92600312995469        1.75878312376847     
   1.50292932726965        1.21331110352523       0.911677048979936     
  0.650864979947969       0.440564310103260       0.268442021785513     
  0.145759458427855       2.498208179465333E-002
   1.95770142213141        1.92600312995469        1.75878312376847     
   1.50292932726965        1.21331110352523       0.911677048979936     
  0.650864979947969       0.440564310103260       0.268442021785512     
  0.145759458427855       2.498208179465334E-002
   65406046302209.9        64689994454399.3        63549402404768.1     
   61074459131754.7        57853651850054.4        54618658003678.9     
   53472832102235.8        52250621250635.4        52136641548899.2     
   50261257170896.6        15293162651325.7     
  0.000000000000000E+000  0.000000000000000E+000  0.000000000000000E+000
  0.000000000000000E+000  0.000000000000000E+000  0.000000000000000E+000
  0.000000000000000E+000  0.000000000000000E+000  0.000000000000000E+000
  0.000000000000000E+000  0.000000000000000E+000
   1.50000000000000        1.50000000000000        1.50000000000000     
   1.50000000000000        1.50000000000000        1.50000000000000     
   1.50000000000000        1.50000000000000        1.50000000000000     
   1.50000000000000        1.50000000000000     
  0.000000000000000E+000
  0.000000000000000E+000
   1078274.95419853     
   1036348.48859733     
  0.000000000000000E+000
   1261624.67175571     
  0.000000000000000E+000
  0.000000000000000E+000
  0.000000000000000E+000
  0.000000000000000E+000
   1766360.33597321     
   1822842.75582067     
  0.000000000000000E+000
  0.000000000000000E+000
  0.000000000000000E+000
  0.000000000000000E+000
