           1
          11
 rho_tor
  0.100000000000000     
  0.000000000000000E+000  0.100000000000000       0.200000000000000     
  0.300000000000000       0.400000000000000       0.500000000000000     
  0.600000000000000       0.700000000000000       0.800000000000000     
  0.900000000000000        1.00000000000000     
   2.26031012700141        2.20634636732440        1.91362607080773     
   1.51955025319396        1.14761853735916       0.796368099788389     
  0.521190753674739       0.332376541198738       0.203184091691193     
  0.111634874295722       4.099787895472581E-002
   2.26031012700141        2.20634636732440        1.91362607080773     
   1.51955025319396        1.14761853735916       0.796368099788389     
  0.521190753674739       0.332376541198738       0.203184091691193     
  0.111634874295722       4.099787895472581E-002
   38873820023168.5        38961569115652.2        39023288829090.6     
   38509493355285.9        36900427143560.4        34914811820102.3     
   34877662454151.6        35307876636322.0        33925903013862.8     
   28564595513527.3        14324547446260.5     
  0.000000000000000E+000  0.000000000000000E+000  0.000000000000000E+000
  0.000000000000000E+000  0.000000000000000E+000  0.000000000000000E+000
  0.000000000000000E+000  0.000000000000000E+000  0.000000000000000E+000
  0.000000000000000E+000  0.000000000000000E+000
   1.50000000000000        1.50000000000000        1.50000000000000     
   1.50000000000000        1.50000000000000        1.50000000000000     
   1.50000000000000        1.50000000000000        1.50000000000000     
   1.50000000000000        1.50000000000000     
  0.000000000000000E+000
  0.000000000000000E+000
  0.000000000000000E+000
  0.000000000000000E+000
  0.000000000000000E+000
   1261663.52851695     
   1336891.20912536     
  0.000000000000000E+000
  0.000000000000000E+000
  0.000000000000000E+000
  0.000000000000000E+000
  0.000000000000000E+000
  0.000000000000000E+000
  0.000000000000000E+000
   1517285.56672979     
  0.000000000000000E+000
