           1
          11
 rho_tor
  0.100000000000000     
  0.000000000000000E+000  0.100000000000000       0.200000000000000     
  0.300000000000000       0.400000000000000       0.500000000000000     
  0.600000000000000       0.700000000000000       0.800000000000000     
  0.900000000000000        1.00000000000000     
   1.94671785065951        1.90911622949379        1.71920775899577     
   1.44569101683640        1.14542285344570       0.833604455904263     
  0.569528785586161       0.368711143752960       0.216283329404033     
  0.114468388446337       2.838485966950504E-002
   1.94671785065951        1.90911622949379        1.71920775899577     
   1.44569101683640        1.14542285344570       0.833604455904263     
  0.569528785586161       0.368711143752960       0.216283329404033     
  0.114468388446337       2.838485966950504E-002
   65702801834370.4        64687167350424.9        63079089229275.7     
   59780675890398.3        55780448973966.8        52264041752760.6     
   51627586331084.0        51578762120043.8        51806329324488.4     
   51060036594156.9        18574923071217.5     
  0.000000000000000E+000  0.000000000000000E+000  0.000000000000000E+000
  0.000000000000000E+000  0.000000000000000E+000  0.000000000000000E+000
  0.000000000000000E+000  0.000000000000000E+000  0.000000000000000E+000
  0.000000000000000E+000  0.000000000000000E+000
   1.50000000000000        1.50000000000000        1.50000000000000     
   1.50000000000000        1.50000000000000        1.50000000000000     
   1.50000000000000        1.50000000000000        1.50000000000000     
   1.50000000000000        1.50000000000000     
  0.000000000000000E+000
  0.000000000000000E+000
  0.000000000000000E+000
  0.000000000000000E+000
  0.000000000000000E+000
   1263621.91593524     
   1326713.42748105     
  0.000000000000000E+000
   1718207.24427491     
   1584662.90849255     
  0.000000000000000E+000
  0.000000000000000E+000
  0.000000000000000E+000
  0.000000000000000E+000
   1474093.71755766     
  0.000000000000000E+000
