           1
          11
 rho_tor
  0.100000000000000     
  0.000000000000000E+000  0.100000000000000       0.200000000000000     
  0.300000000000000       0.400000000000000       0.500000000000000     
  0.600000000000000       0.700000000000000       0.800000000000000     
  0.900000000000000        1.00000000000000     
   1.89567988286716        1.86293789740351        1.69071153107541     
   1.42690346869590        1.13186596813657       0.832817144895757     
  0.582141863514904       0.385642074441384       0.233349766578256     
  0.130921617089618       2.000000000000000E-002
   1.89567988286716        1.86293789740351        1.69071153107541     
   1.42690346869590        1.13186596813657       0.832817144895757     
  0.582141863514904       0.385642074441384       0.233349766578256     
  0.130921617089618       2.000000000000000E-002
   66371634011424.1        65550375313928.1        64245772350030.6     
   61593681197209.6        58491228562913.6        55650624729634.6     
   54497601088035.3        52749865921541.1        53361515495489.0     
   51134803301723.4        12570872725405.8     
  0.000000000000000E+000  0.000000000000000E+000  0.000000000000000E+000
  0.000000000000000E+000  0.000000000000000E+000  0.000000000000000E+000
  0.000000000000000E+000  0.000000000000000E+000  0.000000000000000E+000
  0.000000000000000E+000  0.000000000000000E+000
   1.50000000000000        1.50000000000000        1.50000000000000     
   1.50000000000000        1.50000000000000        1.50000000000000     
   1.50000000000000        1.50000000000000        1.50000000000000     
   1.50000000000000        1.50000000000000     
  0.000000000000000E+000
  0.000000000000000E+000
   1078291.51154581     
   1036357.55725195     
  0.000000000000000E+000
   1263620.33587798     
  0.000000000000000E+000
  0.000000000000000E+000
  0.000000000000000E+000
  0.000000000000000E+000
   1776629.87309177     
   1818743.56488563     
  0.000000000000000E+000
  0.000000000000000E+000
   1461848.90849275     
  0.000000000000000E+000
