           1
          11
 rho_tor
  0.100000000000000     
  0.000000000000000E+000  0.100000000000000       0.200000000000000     
  0.300000000000000       0.400000000000000       0.500000000000000     
  0.600000000000000       0.700000000000000       0.800000000000000     
  0.900000000000000        1.00000000000000     
   1.95374349064477        1.91541085701181        1.72117232332336     
   1.44423927492613        1.14862254496419       0.843281988474138     
  0.586127842594237       0.390727479985538       0.240075986433536     
  0.136040905981267       4.212213437265337E-002
   1.95374349064477        1.91541085701181        1.72117232332336     
   1.44423927492613        1.14862254496419       0.843281988474138     
  0.586127842594237       0.390727479985538       0.240075986433536     
  0.136040905981267       4.212213437265337E-002
   65299195411891.8        64473196231303.7        63072553681792.1     
   60028209506304.5        56077229780923.4        52293778745622.1     
   51226989315368.8        49881962814370.6        48361832500106.9     
   44955031401609.0        14597331411121.1     
  0.000000000000000E+000  0.000000000000000E+000  0.000000000000000E+000
  0.000000000000000E+000  0.000000000000000E+000  0.000000000000000E+000
  0.000000000000000E+000  0.000000000000000E+000  0.000000000000000E+000
  0.000000000000000E+000  0.000000000000000E+000
   1.50000000000000        1.50000000000000        1.50000000000000     
   1.50000000000000        1.50000000000000        1.50000000000000     
   1.50000000000000        1.50000000000000        1.50000000000000     
   1.50000000000000        1.50000000000000     
  0.000000000000000E+000
  0.000000000000000E+000
  0.000000000000000E+000
  0.000000000000000E+000
  0.000000000000000E+000
   1271833.79020917     
   1328815.98479093     
  0.000000000000000E+000
   1728468.87766161     
   1588841.72623581     
  0.000000000000000E+000
  0.000000000000000E+000
  0.000000000000000E+000
  0.000000000000000E+000
  0.000000000000000E+000
  0.000000000000000E+000
