           1
          11
 rho_tor
  0.100000000000000     
  0.000000000000000E+000  0.100000000000000       0.200000000000000     
  0.300000000000000       0.400000000000000       0.500000000000000     
  0.600000000000000       0.700000000000000       0.800000000000000     
  0.900000000000000        1.00000000000000     
   2.17615612563929        2.12524701389994        1.84936025358131     
   1.47211418881762        1.10990669922892       0.773401404111366     
  0.508696995279082       0.321317823770140       0.195384946504456     
  0.106893471389874       3.863224372706716E-002
   2.17615612563929        2.12524701389994        1.84936025358131     
   1.47211418881762        1.10990669922892       0.773401404111366     
  0.508696995279082       0.321317823770140       0.195384946504456     
  0.106893471389874       3.863224372706717E-002
   43924657800697.5        43533127625078.7        42770949016479.1     
   41284150826033.4        39594155822516.3        38220013999293.0     
   37596417012652.0        38415243002066.8        37972215825887.7     
   31386620004316.0        16212653327098.9     
  0.000000000000000E+000  0.000000000000000E+000  0.000000000000000E+000
  0.000000000000000E+000  0.000000000000000E+000  0.000000000000000E+000
  0.000000000000000E+000  0.000000000000000E+000  0.000000000000000E+000
  0.000000000000000E+000  0.000000000000000E+000
   1.50000000000000        1.50000000000000        1.50000000000000     
   1.50000000000000        1.50000000000000        1.50000000000000     
   1.50000000000000        1.50000000000000        1.50000000000000     
   1.50000000000000        1.50000000000000     
  0.000000000000000E+000
  0.000000000000000E+000
  0.000000000000000E+000
  0.000000000000000E+000
  0.000000000000000E+000
   1271790.12500000     
   1328760.00000000     
  0.000000000000000E+000
  0.000000000000000E+000
  0.000000000000000E+000
  0.000000000000000E+000
  0.000000000000000E+000
  0.000000000000000E+000
  0.000000000000000E+000
   1486350.12500000     
  0.000000000000000E+000
