           1
          11
 rho_tor
  0.100000000000000     
  0.000000000000000E+000  0.100000000000000       0.200000000000000     
  0.300000000000000       0.400000000000000       0.500000000000000     
  0.600000000000000       0.700000000000000       0.800000000000000     
  0.900000000000000        1.00000000000000     
   1.22169888289007        1.20532924509627        1.11561259911892     
  0.975278805490356       0.816691193536851       0.663531094826398     
  0.521382588368704       0.385560151055150       0.265851613187148     
  0.167464721623354       2.000000000000000E-002
   1.22169888289007        1.20532924509627        1.11561259911892     
  0.975278805490356       0.816691193536851       0.663531094826398     
  0.521382588368704       0.385560151055150       0.265851613187148     
  0.167464721623354       2.000000000000000E-002
   14839300992847.1        14576095322539.6        14167189907719.4     
   13524674846775.8        13121785831741.3        13017009683139.7     
   12091927988719.5        11045370512192.9        11118128102540.6     
   9265864041854.20        1934556237410.45     
  0.000000000000000E+000  0.000000000000000E+000  0.000000000000000E+000
  0.000000000000000E+000  0.000000000000000E+000  0.000000000000000E+000
  0.000000000000000E+000  0.000000000000000E+000  0.000000000000000E+000
  0.000000000000000E+000  0.000000000000000E+000
   1.50000000000000        1.50000000000000        1.50000000000000     
   1.50000000000000        1.50000000000000        1.50000000000000     
   1.50000000000000        1.50000000000000        1.50000000000000     
   1.50000000000000        1.50000000000000     
  0.000000000000000E+000
  0.000000000000000E+000
  0.000000000000000E+000
  0.000000000000000E+000
  0.000000000000000E+000
  0.000000000000000E+000
  0.000000000000000E+000
  0.000000000000000E+000
  0.000000000000000E+000
  0.000000000000000E+000
  0.000000000000000E+000
  0.000000000000000E+000
  0.000000000000000E+000
  0.000000000000000E+000
  0.000000000000000E+000
  0.000000000000000E+000
