           1
          11
 rho_tor
  0.100000000000000     
  0.000000000000000E+000  0.100000000000000       0.200000000000000     
  0.300000000000000       0.400000000000000       0.500000000000000     
  0.600000000000000       0.700000000000000       0.800000000000000     
  0.900000000000000        1.00000000000000     
   3.27909184767707        3.10647109997685        2.37129085292103     
   1.63479278440371        1.10964481957970       0.708922260220493     
  0.430847364470548       0.255072468311268       0.145411329623530     
  7.197798651970733E-002  2.000000000000000E-002
   3.27909184767707        3.10647109997685        2.37129085292103     
   1.63479278440371        1.10964481957970       0.708922260220493     
  0.430847364470548       0.255072468311268       0.145411329623530     
  7.197798651970733E-002  2.000000000000000E-002
   33001522556362.1        32996460033082.9        32890188149102.5     
   32168435766651.1        30517451089536.7        28754019947212.2     
   28790556130574.1        29261935018085.9        27554094461432.7     
   22731411408477.3        12090731236005.8     
  0.000000000000000E+000  0.000000000000000E+000  0.000000000000000E+000
  0.000000000000000E+000  0.000000000000000E+000  0.000000000000000E+000
  0.000000000000000E+000  0.000000000000000E+000  0.000000000000000E+000
  0.000000000000000E+000  0.000000000000000E+000
   1.50000000000000        1.50000000000000        1.50000000000000     
   1.50000000000000        1.50000000000000        1.50000000000000     
   1.50000000000000        1.50000000000000        1.50000000000000     
   1.50000000000000        1.50000000000000     
  0.000000000000000E+000
  0.000000000000000E+000
  0.000000000000000E+000
  0.000000000000000E+000
  0.000000000000000E+000
  0.000000000000000E+000
  0.000000000000000E+000
  0.000000000000000E+000
  0.000000000000000E+000
  0.000000000000000E+000
  0.000000000000000E+000
  0.000000000000000E+000
  0.000000000000000E+000
  0.000000000000000E+000
  0.000000000000000E+000
  0.000000000000000E+000
