           1
          11
 rho_tor
  0.100000000000000     
  0.000000000000000E+000  0.100000000000000       0.200000000000000     
  0.300000000000000       0.400000000000000       0.500000000000000     
  0.600000000000000       0.700000000000000       0.800000000000000     
  0.900000000000000        1.00000000000000     
   3.91539541122671        3.69600205353419        2.77143104196575     
   1.86949008207233        1.24717318316140       0.769809165192387     
  0.452495491967897       0.265121416376732       0.152849709965048     
  8.555184886977811E-002  3.058079438965051E-002
   3.91539541122671        3.69600205353418        2.77143104196575     
   1.86949008207233        1.24717318316140       0.769809165192387     
  0.452495491967897       0.265121416376732       0.152849709965048     
  8.555184886977811E-002  3.058079438965052E-002
   36197027255143.5        36796171420991.7        37620338947578.8     
   37731093656295.6        35867009892282.8        33442530439611.6     
   34285566027427.0        33994903610310.9        32664911088025.5     
   27598211437268.7        10308966836339.0     
  0.000000000000000E+000  0.000000000000000E+000  0.000000000000000E+000
  0.000000000000000E+000  0.000000000000000E+000  0.000000000000000E+000
  0.000000000000000E+000  0.000000000000000E+000  0.000000000000000E+000
  0.000000000000000E+000  0.000000000000000E+000
   1.50000000000000        1.50000000000000        1.50000000000000     
   1.50000000000000        1.50000000000000        1.50000000000000     
   1.50000000000000        1.50000000000000        1.50000000000000     
   1.50000000000000        1.50000000000000     
  0.000000000000000E+000
  0.000000000000000E+000
  0.000000000000000E+000
  0.000000000000000E+000
  0.000000000000000E+000
  0.000000000000000E+000
  0.000000000000000E+000
  0.000000000000000E+000
  0.000000000000000E+000
  0.000000000000000E+000
  0.000000000000000E+000
  0.000000000000000E+000
  0.000000000000000E+000
  0.000000000000000E+000
   538821.375299484     
  0.000000000000000E+000
