           1
          11
 rho_tor
  0.100000000000000     
  0.000000000000000E+000  0.100000000000000       0.200000000000000     
  0.300000000000000       0.400000000000000       0.500000000000000     
  0.600000000000000       0.700000000000000       0.800000000000000     
  0.900000000000000        1.00000000000000     
   2.22855019663797        2.17593179710901        1.89255313454615     
   1.50768756926707        1.13933582153950       0.792621530912615     
  0.521795459191153       0.333898756418056       0.206075767080158     
  0.115849460722273       4.577467789189628E-002
   2.22855019663797        2.17593179710901        1.89255313454615     
   1.50768756926708        1.13933582153950       0.792621530912615     
  0.521795459191153       0.333898756418056       0.206075767080158     
  0.115849460722273       4.577467789189629E-002
   42494754448573.8        42252071963987.3        41750754932670.9     
   40512316019435.8        38671621711390.5        37030382492959.7     
   37180412066786.5        37986250111555.8        36968480526345.0     
   30891853703098.9        15588627330413.4     
  0.000000000000000E+000  0.000000000000000E+000  0.000000000000000E+000
  0.000000000000000E+000  0.000000000000000E+000  0.000000000000000E+000
  0.000000000000000E+000  0.000000000000000E+000  0.000000000000000E+000
  0.000000000000000E+000  0.000000000000000E+000
   1.50000000000000        1.50000000000000        1.50000000000000     
   1.50000000000000        1.50000000000000        1.50000000000000     
   1.50000000000000        1.50000000000000        1.50000000000000     
   1.50000000000000        1.50000000000000     
  0.000000000000000E+000
  0.000000000000000E+000
  0.000000000000000E+000
  0.000000000000000E+000
  0.000000000000000E+000
   1269809.87500000     
   1332809.87500000     
  0.000000000000000E+000
  0.000000000000000E+000
  0.000000000000000E+000
  0.000000000000000E+000
  0.000000000000000E+000
  0.000000000000000E+000
  0.000000000000000E+000
   1476090.00000000     
  0.000000000000000E+000
