           1
          11
 rho_tor
  0.100000000000000     
  0.000000000000000E+000  0.100000000000000       0.200000000000000     
  0.300000000000000       0.400000000000000       0.500000000000000     
  0.600000000000000       0.700000000000000       0.800000000000000     
  0.900000000000000        1.00000000000000     
   1.93842756801941        1.90691759685255        1.74306718314309     
   1.49553898794217        1.21692711367438       0.925129540101399     
  0.669779588035912       0.459941185784558       0.287020176526009     
  0.162992317425106       2.000000000000000E-002
   1.93842756801941        1.90691759685255        1.74306718314309     
   1.49553898794217        1.21692711367438       0.925129540101399     
  0.669779588035912       0.459941185784558       0.287020176526009     
  0.162992317425106       2.000000000000000E-002
   69387214461319.1        68332411951929.3        66706246538335.9     
   63475397344253.5        59687220771974.8        56061490770066.9     
   54616105667070.0        52321930017800.9        51262209212948.9     
   47083325123461.5        10549712673915.4     
  0.000000000000000E+000  0.000000000000000E+000  0.000000000000000E+000
  0.000000000000000E+000  0.000000000000000E+000  0.000000000000000E+000
  0.000000000000000E+000  0.000000000000000E+000  0.000000000000000E+000
  0.000000000000000E+000  0.000000000000000E+000
   1.50000000000000        1.50000000000000        1.50000000000000     
   1.50000000000000        1.50000000000000        1.50000000000000     
   1.50000000000000        1.50000000000000        1.50000000000000     
   1.50000000000000        1.50000000000000     
  0.000000000000000E+000
  0.000000000000000E+000
   1076316.02300381     
   1038338.97200571     
  0.000000000000000E+000
   1265707.36882133     
  0.000000000000000E+000
  0.000000000000000E+000
   1701754.35741448     
   1582616.38317496     
   1784843.11026621     
   1816786.81368826     
  0.000000000000000E+000
  0.000000000000000E+000
   1476218.12186324     
  0.000000000000000E+000
