           1
          11
 rho_tor
  0.100000000000000     
  0.000000000000000E+000  0.100000000000000       0.200000000000000     
  0.300000000000000       0.400000000000000       0.500000000000000     
  0.600000000000000       0.700000000000000       0.800000000000000     
  0.900000000000000        1.00000000000000     
   2.31067479324951        2.25440466374129        1.95522610919743     
   1.55636820662546        1.17864411184564       0.820628476526578     
  0.537858153882441       0.341593805562542       0.208348060449561     
  0.114748263585168       4.411845640339866E-002
   2.31067479324951        2.25440466374128        1.95522610919744     
   1.55636820662547        1.17864411184564       0.820628476526578     
  0.537858153882441       0.341593805562542       0.208348060449561     
  0.114748263585168       4.411845640339867E-002
   40458058251820.0        40448205780852.2        40311377652606.3     
   39508187765172.3        37787581100838.1        35881630500250.1     
   35695195937381.5        36300516489057.9        35201241435682.3     
   29664100384398.1        15384207474767.5     
  0.000000000000000E+000  0.000000000000000E+000  0.000000000000000E+000
  0.000000000000000E+000  0.000000000000000E+000  0.000000000000000E+000
  0.000000000000000E+000  0.000000000000000E+000  0.000000000000000E+000
  0.000000000000000E+000  0.000000000000000E+000
   1.50000000000000        1.50000000000000        1.50000000000000     
   1.50000000000000        1.50000000000000        1.50000000000000     
   1.50000000000000        1.50000000000000        1.50000000000000     
   1.50000000000000        1.50000000000000     
  0.000000000000000E+000
  0.000000000000000E+000
  0.000000000000000E+000
  0.000000000000000E+000
  0.000000000000000E+000
   1273867.83196569     
   1332816.12700385     
  0.000000000000000E+000
  0.000000000000000E+000
  0.000000000000000E+000
  0.000000000000000E+000
  0.000000000000000E+000
  0.000000000000000E+000
  0.000000000000000E+000
   1490507.36917949     
  0.000000000000000E+000
