           1
          11
 rho_tor
  0.100000000000000     
  0.000000000000000E+000  0.100000000000000       0.200000000000000     
  0.300000000000000       0.400000000000000       0.500000000000000     
  0.600000000000000       0.700000000000000       0.800000000000000     
  0.900000000000000        1.00000000000000     
   3.87578074943349        3.65998097293853        2.75646135713081     
   1.87325061505827        1.25910496759683       0.790344114330896     
  0.485400352653774       0.312709386742456       0.214778507817280     
  0.160402257094297       0.120000000000000     
   3.87578074943349        3.65998097293852        2.75646135713082     
   1.87325061505827        1.25910496759683       0.790344114330896     
  0.485400352653774       0.312709386742456       0.214778507817280     
  0.160402257094297       0.120000000000000     
   36504550896269.9        36981780654049.1        37622494855778.2     
   37533834192153.6        35635600571145.9        33335891287132.6     
   34157014886395.9        33648277627534.2        31905748581865.2     
   26342780407502.6        9907518582143.22     
  0.000000000000000E+000  0.000000000000000E+000  0.000000000000000E+000
  0.000000000000000E+000  0.000000000000000E+000  0.000000000000000E+000
  0.000000000000000E+000  0.000000000000000E+000  0.000000000000000E+000
  0.000000000000000E+000  0.000000000000000E+000
   1.50000000000000        1.50000000000000        1.50000000000000     
   1.50000000000000        1.50000000000000        1.50000000000000     
   1.50000000000000        1.50000000000000        1.50000000000000     
   1.50000000000000        1.50000000000000     
  0.000000000000000E+000
  0.000000000000000E+000
  0.000000000000000E+000
  0.000000000000000E+000
  0.000000000000000E+000
  0.000000000000000E+000
  0.000000000000000E+000
  0.000000000000000E+000
  0.000000000000000E+000
  0.000000000000000E+000
  0.000000000000000E+000
  0.000000000000000E+000
  0.000000000000000E+000
  0.000000000000000E+000
  0.000000000000000E+000
  0.000000000000000E+000
