           1
          11
 rho_tor
  0.100000000000000     
  0.000000000000000E+000  0.100000000000000       0.200000000000000     
  0.300000000000000       0.400000000000000       0.500000000000000     
  0.600000000000000       0.700000000000000       0.800000000000000     
  0.900000000000000        1.00000000000000     
  0.901716514657351       0.887681268159407       0.826300761837262     
  0.738556732716000       0.630210420282836       0.522645461738193     
  0.421926717145434       0.315711267960233       0.212025778072483     
  0.121182018104553       2.000000000000000E-002
  0.901716514657350       0.887681268159406       0.826300761837262     
  0.738556732716000       0.630210420282836       0.522645461738193     
  0.421926717145434       0.315711267960233       0.212025778072483     
  0.121182018104553       2.000000000000000E-002
   13508459611385.8        12594539686692.0        11288262227092.4     
   9323537785381.86        7978796225427.80        7443687824832.37     
   6456030398380.56        5141214874034.26        4646010184776.80     
   3669526438343.89        1168782253215.68     
  0.000000000000000E+000  0.000000000000000E+000  0.000000000000000E+000
  0.000000000000000E+000  0.000000000000000E+000  0.000000000000000E+000
  0.000000000000000E+000  0.000000000000000E+000  0.000000000000000E+000
  0.000000000000000E+000  0.000000000000000E+000
   1.50000000000000        1.50000000000000        1.50000000000000     
   1.50000000000000        1.50000000000000        1.50000000000000     
   1.50000000000000        1.50000000000000        1.50000000000000     
   1.50000000000000        1.50000000000000     
  0.000000000000000E+000
  0.000000000000000E+000
  0.000000000000000E+000
  0.000000000000000E+000
  0.000000000000000E+000
  0.000000000000000E+000
  0.000000000000000E+000
  0.000000000000000E+000
  0.000000000000000E+000
  0.000000000000000E+000
  0.000000000000000E+000
  0.000000000000000E+000
  0.000000000000000E+000
  0.000000000000000E+000
  0.000000000000000E+000
  0.000000000000000E+000
