           1
          11
 rho_tor
  0.100000000000000     
  0.000000000000000E+000  0.100000000000000       0.200000000000000     
  0.300000000000000       0.400000000000000       0.500000000000000     
  0.600000000000000       0.700000000000000       0.800000000000000     
  0.900000000000000        1.00000000000000     
   2.17640834257793        2.12580365409799        1.85095511966952     
   1.47371864264468        1.11141719174572       0.775195281422483     
  0.512502267501214       0.326578457036015       0.199969869117701     
  0.111481206566575       3.805065632852589E-002
   2.17640834257793        2.12580365409799        1.85095511966952     
   1.47371864264468        1.11141719174572       0.775195281422483     
  0.512502267501214       0.326578457036015       0.199969869117701     
  0.111481206566575       3.805065632852590E-002
   43687654953499.1        43331940937324.5        42686705748180.9     
   41441335994862.3        39950157462422.2        38631166697375.2     
   38206963511324.6        38472524391208.6        37807461302854.7     
   31187960074116.8        14180084781035.6     
  0.000000000000000E+000  0.000000000000000E+000  0.000000000000000E+000
  0.000000000000000E+000  0.000000000000000E+000  0.000000000000000E+000
  0.000000000000000E+000  0.000000000000000E+000  0.000000000000000E+000
  0.000000000000000E+000  0.000000000000000E+000
   1.50000000000000        1.50000000000000        1.50000000000000     
   1.50000000000000        1.50000000000000        1.50000000000000     
   1.50000000000000        1.50000000000000        1.50000000000000     
   1.50000000000000        1.50000000000000     
  0.000000000000000E+000
  0.000000000000000E+000
  0.000000000000000E+000
  0.000000000000000E+000
  0.000000000000000E+000
   1273903.52851715     
   1330792.84857419     
  0.000000000000000E+000
  0.000000000000000E+000
  0.000000000000000E+000
  0.000000000000000E+000
  0.000000000000000E+000
  0.000000000000000E+000
  0.000000000000000E+000
   1486496.99952485     
  0.000000000000000E+000
