           1
          11
 rho_tor
  0.100000000000000     
  0.000000000000000E+000  0.100000000000000       0.200000000000000     
  0.300000000000000       0.400000000000000       0.500000000000000     
  0.600000000000000       0.700000000000000       0.800000000000000     
  0.900000000000000        1.00000000000000     
   2.10154463871081        2.07483861446492        1.91763150399324     
   1.65959095120273        1.35139113797306        1.02627920181646     
  0.742916115422388       0.509943984381507       0.318169611968769     
  0.178298228167469       4.943388741083093E-002
   2.10154463871081        2.07483861446492        1.91763150399324     
   1.65959095120273        1.35139113797306        1.02627920181646     
  0.742916115422388       0.509943984381507       0.318169611968769     
  0.178298228167469       4.943388741083095E-002
   75345604882206.1        73391573663586.7        70528931393425.0     
   65075131614802.6        59710128710766.8        55947990193961.7     
   53753925010656.7        51058923437226.3        48679285291410.2     
   44352343731635.2        16243134699751.5     
  0.000000000000000E+000  0.000000000000000E+000  0.000000000000000E+000
  0.000000000000000E+000  0.000000000000000E+000  0.000000000000000E+000
  0.000000000000000E+000  0.000000000000000E+000  0.000000000000000E+000
  0.000000000000000E+000  0.000000000000000E+000
   1.50000000000000        1.50000000000000        1.50000000000000     
   1.50000000000000        1.50000000000000        1.50000000000000     
   1.50000000000000        1.50000000000000        1.50000000000000     
   1.50000000000000        1.50000000000000     
  0.000000000000000E+000
  0.000000000000000E+000
   1066507.48854966     
   1030414.59680346     
  0.000000000000000E+000
   1259560.92366418     
  0.000000000000000E+000
  0.000000000000000E+000
   1691485.07633602     
   1578519.46841608     
   1792978.61354961     
   1798223.56479021     
  0.000000000000000E+000
  0.000000000000000E+000
   1494642.50381686     
  0.000000000000000E+000
