           1
          11
 rho_tor
  0.100000000000000     
  0.000000000000000E+000  0.100000000000000       0.200000000000000     
  0.300000000000000       0.400000000000000       0.500000000000000     
  0.600000000000000       0.700000000000000       0.800000000000000     
  0.900000000000000        1.00000000000000     
   3.83524420699753        3.61806585922803        2.70955598567444     
   1.82807571821500        1.22351745152287       0.773771189054099     
  0.469041349938881       0.277523850663851       0.157876338223464     
  7.957311594105439E-002  2.000000000000000E-002
   3.83524420699753        3.61806585922802        2.70955598567444     
   1.82807571821500        1.22351745152287       0.773771189054099     
  0.469041349938881       0.277523850663851       0.157876338223464     
  7.957311594105439E-002  2.000000000000000E-002
   33753746171952.1        33805740638778.2        33736954257283.6     
   32866009947899.2        30811851791209.5        28539917598535.2     
   28259840995643.2        28280514019401.0        26875116989854.7     
   22130743791987.7        10378483219787.9     
  0.000000000000000E+000  0.000000000000000E+000  0.000000000000000E+000
  0.000000000000000E+000  0.000000000000000E+000  0.000000000000000E+000
  0.000000000000000E+000  0.000000000000000E+000  0.000000000000000E+000
  0.000000000000000E+000  0.000000000000000E+000
   1.50000000000000        1.50000000000000        1.50000000000000     
   1.50000000000000        1.50000000000000        1.50000000000000     
   1.50000000000000        1.50000000000000        1.50000000000000     
   1.50000000000000        1.50000000000000     
  0.000000000000000E+000
  0.000000000000000E+000
  0.000000000000000E+000
  0.000000000000000E+000
  0.000000000000000E+000
  0.000000000000000E+000
  0.000000000000000E+000
  0.000000000000000E+000
  0.000000000000000E+000
  0.000000000000000E+000
  0.000000000000000E+000
  0.000000000000000E+000
  0.000000000000000E+000
  0.000000000000000E+000
  0.000000000000000E+000
  0.000000000000000E+000
