           1
          11
 rho_tor
  0.100000000000000     
  0.000000000000000E+000  0.100000000000000       0.200000000000000     
  0.300000000000000       0.400000000000000       0.500000000000000     
  0.600000000000000       0.700000000000000       0.800000000000000     
  0.900000000000000        1.00000000000000     
   1.20643377532350        1.18903457758932        1.10606342221831     
  0.979666875882928       0.826868499375797       0.670889712237370     
  0.529485939675190       0.411043110312914       0.317027771346592     
  0.241150359957775       0.120000000000000     
   1.20643377532350        1.18903457758932        1.10606342221831     
  0.979666875882928       0.826868499375797       0.670889712237370     
  0.529485939675190       0.411043110312914       0.317027771346592     
  0.241150359957775       0.120000000000000     
   9781428607002.42        9378542305324.39        8839060605749.99     
   7970272830317.84        7232382680833.00        6716302429057.57     
   6624942871457.95        6746932247791.72        6583413523572.59     
   5302110324826.90        614767089190.322     
  0.000000000000000E+000  0.000000000000000E+000  0.000000000000000E+000
  0.000000000000000E+000  0.000000000000000E+000  0.000000000000000E+000
  0.000000000000000E+000  0.000000000000000E+000  0.000000000000000E+000
  0.000000000000000E+000  0.000000000000000E+000
   1.50000000000000        1.50000000000000        1.50000000000000     
   1.50000000000000        1.50000000000000        1.50000000000000     
   1.50000000000000        1.50000000000000        1.50000000000000     
   1.50000000000000        1.50000000000000     
  0.000000000000000E+000
  0.000000000000000E+000
  0.000000000000000E+000
  0.000000000000000E+000
  0.000000000000000E+000
  0.000000000000000E+000
  0.000000000000000E+000
  0.000000000000000E+000
  0.000000000000000E+000
  0.000000000000000E+000
  0.000000000000000E+000
  0.000000000000000E+000
  0.000000000000000E+000
  0.000000000000000E+000
  0.000000000000000E+000
  0.000000000000000E+000
