           1
          11
 rho_tor
  0.100000000000000     
  0.000000000000000E+000  0.100000000000000       0.200000000000000     
  0.300000000000000       0.400000000000000       0.500000000000000     
  0.600000000000000       0.700000000000000       0.800000000000000     
  0.900000000000000        1.00000000000000     
   1.24578888347978        1.22713034917879        1.13263679717345     
  0.987536286393961       0.820313365743298       0.657353387396309     
  0.517797328116670       0.401804218664839       0.312012981283294     
  0.234562534260786       2.000000000000000E-002
   1.24578888347978        1.22713034917879        1.13263679717345     
  0.987536286393961       0.820313365743298       0.657353387396309     
  0.517797328116670       0.401804218664839       0.312012981283294     
  0.234562534260786       2.000000000000000E-002
   10604932613514.5        10366856053649.8        10033558423818.4     
   9464654799199.82        8959919609834.60        8674640127695.03     
   8699578501615.62        8774387316724.54        8459353432286.61     
   6778643783628.40        71071842825.8376     
  0.000000000000000E+000  0.000000000000000E+000  0.000000000000000E+000
  0.000000000000000E+000  0.000000000000000E+000  0.000000000000000E+000
  0.000000000000000E+000  0.000000000000000E+000  0.000000000000000E+000
  0.000000000000000E+000  0.000000000000000E+000
   1.50000000000000        1.50000000000000        1.50000000000000     
   1.50000000000000        1.50000000000000        1.50000000000000     
   1.50000000000000        1.50000000000000        1.50000000000000     
   1.50000000000000        1.50000000000000     
  0.000000000000000E+000
  0.000000000000000E+000
  0.000000000000000E+000
  0.000000000000000E+000
  0.000000000000000E+000
  0.000000000000000E+000
  0.000000000000000E+000
  0.000000000000000E+000
  0.000000000000000E+000
  0.000000000000000E+000
  0.000000000000000E+000
  0.000000000000000E+000
  0.000000000000000E+000
  0.000000000000000E+000
  0.000000000000000E+000
  0.000000000000000E+000
