           1
          11
 rho_tor
  0.100000000000000     
  0.000000000000000E+000  0.100000000000000       0.200000000000000     
  0.300000000000000       0.400000000000000       0.500000000000000     
  0.600000000000000       0.700000000000000       0.800000000000000     
  0.900000000000000        1.00000000000000     
   2.14120972888360        2.11257024986209        1.94687005065125     
   1.68229599718317        1.37596071038663        1.05199330574823     
  0.763977068404388       0.528637621901582       0.337467606572186     
  0.205644952217891       8.196721221034520E-002
   2.14120972888360        2.11257024986209        1.94687005065125     
   1.68229599718317        1.37596071038663        1.05199330574823     
  0.763977068404388       0.528637621901582       0.337467606572186     
  0.205644952217891       8.196721221034521E-002
   69989942723884.7        68925909553667.5        67394080362757.6     
   64081801210846.2        59714984657225.1        54937385507730.9     
   52054773848800.4        50025707476693.0        48887128141323.9     
   47504204235246.6        15189450173710.4     
  0.000000000000000E+000  0.000000000000000E+000  0.000000000000000E+000
  0.000000000000000E+000  0.000000000000000E+000  0.000000000000000E+000
  0.000000000000000E+000  0.000000000000000E+000  0.000000000000000E+000
  0.000000000000000E+000  0.000000000000000E+000
   1.50000000000000        1.50000000000000        1.50000000000000     
   1.50000000000000        1.50000000000000        1.50000000000000     
   1.50000000000000        1.50000000000000        1.50000000000000     
   1.50000000000000        1.50000000000000     
  0.000000000000000E+000
  0.000000000000000E+000
   1070381.92081750     
   1032405.05693918     
  0.000000000000000E+000
   1261644.91254755     
  0.000000000000000E+000
  0.000000000000000E+000
   1697719.83697723     
   1580521.34600763     
   1791018.74096960     
   1804459.96197723     
  0.000000000000000E+000
  0.000000000000000E+000
   1416737.29277579     
  0.000000000000000E+000
