           1
          11
 rho_tor
  0.100000000000000     
  0.000000000000000E+000  0.100000000000000       0.200000000000000     
  0.300000000000000       0.400000000000000       0.500000000000000     
  0.600000000000000       0.700000000000000       0.800000000000000     
  0.900000000000000        1.00000000000000     
   2.32635735389081        2.27067284508870        1.97068583861274     
   1.56876175103852        1.18851165365294       0.828548905534146     
  0.547116850305174       0.352469503623194       0.219678603133426     
  0.128077120112885       5.540537424976186E-002
   2.32635735389081        2.27067284508870        1.97068583861274     
   1.56876175103852        1.18851165365294       0.828548905534146     
  0.547116850305174       0.352469503623194       0.219678603133426     
  0.128077120112885       5.540537424976187E-002
   39944230858771.5        39905091488337.5        39721087725486.4     
   38832063758660.7        37045225976021.1        35188260996676.6     
   35208263386466.1        35455203388162.5        34418225930488.9     
   28990657074680.4        13610061865316.4     
  0.000000000000000E+000  0.000000000000000E+000  0.000000000000000E+000
  0.000000000000000E+000  0.000000000000000E+000  0.000000000000000E+000
  0.000000000000000E+000  0.000000000000000E+000  0.000000000000000E+000
  0.000000000000000E+000  0.000000000000000E+000
   1.50000000000000        1.50000000000000        1.50000000000000     
   1.50000000000000        1.50000000000000        1.50000000000000     
   1.50000000000000        1.50000000000000        1.50000000000000     
   1.50000000000000        1.50000000000000     
  0.000000000000000E+000
  0.000000000000000E+000
  0.000000000000000E+000
  0.000000000000000E+000
  0.000000000000000E+000
   1271836.80161580     
   1334917.36863104     
  0.000000000000000E+000
  0.000000000000000E+000
  0.000000000000000E+000
  0.000000000000000E+000
  0.000000000000000E+000
  0.000000000000000E+000
  0.000000000000000E+000
   1502907.46787040     
  0.000000000000000E+000
