           1
          11
 rho_tor
  0.100000000000000     
  0.000000000000000E+000  0.100000000000000       0.200000000000000     
  0.300000000000000       0.400000000000000       0.500000000000000     
  0.600000000000000       0.700000000000000       0.800000000000000     
  0.900000000000000        1.00000000000000     
   1.96023881760849        1.92059902923123        1.72019608085504     
   1.43860969319418        1.14265120872246       0.841544988709734     
  0.585584669154810       0.385946930239151       0.235100200498235     
  0.128745789029605       3.824969399774764E-002
   1.96023881760849        1.92059902923123        1.72019608085504     
   1.43860969319418        1.14265120872246       0.841544988709734     
  0.585584669154810       0.385946930239151       0.235100200498235     
  0.128745789029605       3.824969399774764E-002
   65197597197178.5        64366305227127.8        63004581142443.2     
   60355320229262.4        57104239200613.9        53575939520697.9     
   51038170927826.5        49670905013301.0        49589821901219.7     
   44064561016982.6        18269013127695.7     
  0.000000000000000E+000  0.000000000000000E+000  0.000000000000000E+000
  0.000000000000000E+000  0.000000000000000E+000  0.000000000000000E+000
  0.000000000000000E+000  0.000000000000000E+000  0.000000000000000E+000
  0.000000000000000E+000  0.000000000000000E+000
   1.50000000000000        1.50000000000000        1.50000000000000     
   1.50000000000000        1.50000000000000        1.50000000000000     
   1.50000000000000        1.50000000000000        1.50000000000000     
   1.50000000000000        1.50000000000000     
  0.000000000000000E+000
  0.000000000000000E+000
  0.000000000000000E+000
  0.000000000000000E+000
  0.000000000000000E+000
   1273858.41994275     
   1328760.00000000     
  0.000000000000000E+000
   1726356.50381688     
   1588768.41994275     
  0.000000000000000E+000
  0.000000000000000E+000
  0.000000000000000E+000
  0.000000000000000E+000
   1492578.82442741     
  0.000000000000000E+000
