           1
          11
 rho_tor
  0.100000000000000     
  0.000000000000000E+000  0.100000000000000       0.200000000000000     
  0.300000000000000       0.400000000000000       0.500000000000000     
  0.600000000000000       0.700000000000000       0.800000000000000     
  0.900000000000000        1.00000000000000     
   1.99977562000218        1.97402037175523        1.81922663667925     
   1.56396779929670        1.26469408329742       0.952744685046061     
  0.683079756823555       0.466656816591430       0.289366656778820     
  0.161404869963633       3.789719777318628E-002
   1.99977562000218        1.97402037175522        1.81922663667925     
   1.56396779929670        1.26469408329742       0.952744685046061     
  0.683079756823555       0.466656816591430       0.289366656778820     
  0.161404869963633       3.789719777318629E-002
   72158899224383.7        70970064958433.7        69168800984196.7     
   65325676818880.7        60548020630225.0        56023494155369.8     
   54193405540312.8        52373012716763.7        49895999783836.2     
   46979447034510.7        14729696141417.0     
  0.000000000000000E+000  0.000000000000000E+000  0.000000000000000E+000
  0.000000000000000E+000  0.000000000000000E+000  0.000000000000000E+000
  0.000000000000000E+000  0.000000000000000E+000  0.000000000000000E+000
  0.000000000000000E+000  0.000000000000000E+000
   1.50000000000000        1.50000000000000        1.50000000000000     
   1.50000000000000        1.50000000000000        1.50000000000000     
   1.50000000000000        1.50000000000000        1.50000000000000     
   1.50000000000000        1.50000000000000     
  0.000000000000000E+000
  0.000000000000000E+000
   1060553.95419847     
   1028537.86278628     
  0.000000000000000E+000
   1259637.38893138     
  0.000000000000000E+000
  0.000000000000000E+000
   1685440.30534360     
   1576552.67213751     
   1795200.59580167     
   1796314.10935123     
  0.000000000000000E+000
  0.000000000000000E+000
  0.000000000000000E+000
  0.000000000000000E+000
