           1
          11
 rho_tor
  0.100000000000000     
  0.000000000000000E+000  0.100000000000000       0.200000000000000     
  0.300000000000000       0.400000000000000       0.500000000000000     
  0.600000000000000       0.700000000000000       0.800000000000000     
  0.900000000000000        1.00000000000000     
   1.07280019923744        1.05800153658046       0.988455780712476     
  0.883011106031651       0.752917719313017       0.617673187949674     
  0.488052453368438       0.364213548771796       0.251307605282029     
  0.139913995783468       2.666343005309791E-002
   1.07280019923744        1.05800153658046       0.988455780712477     
  0.883011106031652       0.752917719313017       0.617673187949674     
  0.488052453368438       0.364213548771796       0.251307605282029     
  0.139913995783468       2.666343005309791E-002
   10990714994484.0        10366850541089.6        9516485049661.04     
   8185140065596.08        7131284500708.56        6441964641383.63     
   5959649454404.79        5474987583755.88        4796562216366.06     
   3284601341559.10        1533670280990.38     
  0.000000000000000E+000  0.000000000000000E+000  0.000000000000000E+000
  0.000000000000000E+000  0.000000000000000E+000  0.000000000000000E+000
  0.000000000000000E+000  0.000000000000000E+000  0.000000000000000E+000
  0.000000000000000E+000  0.000000000000000E+000
   1.50000000000000        1.50000000000000        1.50000000000000     
   1.50000000000000        1.50000000000000        1.50000000000000     
   1.50000000000000        1.50000000000000        1.50000000000000     
   1.50000000000000        1.50000000000000     
  0.000000000000000E+000
  0.000000000000000E+000
  0.000000000000000E+000
  0.000000000000000E+000
  0.000000000000000E+000
  0.000000000000000E+000
  0.000000000000000E+000
  0.000000000000000E+000
  0.000000000000000E+000
  0.000000000000000E+000
  0.000000000000000E+000
  0.000000000000000E+000
  0.000000000000000E+000
  0.000000000000000E+000
  0.000000000000000E+000
  0.000000000000000E+000
