           1
          11
 rho_tor
  0.100000000000000     
  0.000000000000000E+000  0.100000000000000       0.200000000000000     
  0.300000000000000       0.400000000000000       0.500000000000000     
  0.600000000000000       0.700000000000000       0.800000000000000     
  0.900000000000000        1.00000000000000     
   1.55772792476754        1.53682767812643        1.41375610576119     
   1.19244003663392       0.916353466152146       0.634900770144003     
  0.407270573192907       0.249407953684094       0.144145793739664     
  7.638973922686013E-002  2.000000000000000E-002
   1.55772792476754        1.53682767812643        1.41375610576119     
   1.19244003663392       0.916353466152146       0.634900770144003     
  0.407270573192907       0.249407953684094       0.144145793739664     
  7.638973922686013E-002  2.000000000000000E-002
   32207298228447.7        32265996025382.9        32213976223957.4     
   31385137805942.4        29510917651964.1        27890429267902.2     
   28842330104925.6        28568413743439.7        27357802629782.6     
   23396765601244.0        9348209998223.60     
  0.000000000000000E+000  0.000000000000000E+000  0.000000000000000E+000
  0.000000000000000E+000  0.000000000000000E+000  0.000000000000000E+000
  0.000000000000000E+000  0.000000000000000E+000  0.000000000000000E+000
  0.000000000000000E+000  0.000000000000000E+000
   1.50000000000000        1.50000000000000        1.50000000000000     
   1.50000000000000        1.50000000000000        1.50000000000000     
   1.50000000000000        1.50000000000000        1.50000000000000     
   1.50000000000000        1.50000000000000     
  0.000000000000000E+000
  0.000000000000000E+000
  0.000000000000000E+000
  0.000000000000000E+000
  0.000000000000000E+000
  0.000000000000000E+000
  0.000000000000000E+000
  0.000000000000000E+000
  0.000000000000000E+000
  0.000000000000000E+000
  0.000000000000000E+000
  0.000000000000000E+000
  0.000000000000000E+000
  0.000000000000000E+000
  0.000000000000000E+000
  0.000000000000000E+000
