           1
          11
 rho_tor
  0.100000000000000     
  0.000000000000000E+000  0.100000000000000       0.200000000000000     
  0.300000000000000       0.400000000000000       0.500000000000000     
  0.600000000000000       0.700000000000000       0.800000000000000     
  0.900000000000000        1.00000000000000     
   2.11652267755549        2.08913194821672        1.92742258219261     
   1.66368466909827        1.35345949739792        1.02698376624657     
  0.739546395001123       0.502890819175404       0.308647738660015     
  0.172049353174198       4.467902066217830E-002
   2.11652267755549        2.08913194821672        1.92742258219261     
   1.66368466909828        1.35345949739792        1.02698376624657     
  0.739546395001123       0.502890819175404       0.308647738660015     
  0.172049353174198       4.467902066217831E-002
   72848284554425.5        71239463980649.0        68954503160044.0     
   64461103811804.7        59476261871976.0        54973582607158.1     
   52368623893857.4        50259152216142.1        49165591249138.4     
   47666793822346.6        15619183769268.3     
  0.000000000000000E+000  0.000000000000000E+000  0.000000000000000E+000
  0.000000000000000E+000  0.000000000000000E+000  0.000000000000000E+000
  0.000000000000000E+000  0.000000000000000E+000  0.000000000000000E+000
  0.000000000000000E+000  0.000000000000000E+000
   1.50000000000000        1.50000000000000        1.50000000000000     
   1.50000000000000        1.50000000000000        1.50000000000000     
   1.50000000000000        1.50000000000000        1.50000000000000     
   1.50000000000000        1.50000000000000     
  0.000000000000000E+000
  0.000000000000000E+000
   1068461.93155900     
   1030416.08531367     
  0.000000000000000E+000
   1261654.22034208     
  0.000000000000000E+000
  0.000000000000000E+000
   1695628.06083640     
   1578553.79020896     
   1793045.69153968     
   1802364.91254744     
  0.000000000000000E+000
  0.000000000000000E+000
   1490568.14762328     
  0.000000000000000E+000
