           1
          11
 rho_tor
  0.100000000000000     
  0.000000000000000E+000  0.100000000000000       0.200000000000000     
  0.300000000000000       0.400000000000000       0.500000000000000     
  0.600000000000000       0.700000000000000       0.800000000000000     
  0.900000000000000        1.00000000000000     
   1.42715566610559        1.41409477639611        1.33086799928018     
   1.16997691684353       0.950122585490973       0.719000185470424     
  0.509486209097628       0.336762045670624       0.205857685692169     
  0.108304555929857       2.383815246362065E-002
   1.42715566610559        1.41409477639611        1.33086799928018     
   1.16997691684353       0.950122585490973       0.719000185470424     
  0.509486209097628       0.336762045670624       0.205857685692169     
  0.108304555929857       2.383815246362066E-002
   30007395047932.1        29827319022345.8        29447807569459.5     
   28496594447915.3        27188656839668.7        26094490287311.7     
   25793727250566.8        26078603528035.3        25418856168234.6     
   21331450337780.4        9148295857822.62     
  0.000000000000000E+000  0.000000000000000E+000  0.000000000000000E+000
  0.000000000000000E+000  0.000000000000000E+000  0.000000000000000E+000
  0.000000000000000E+000  0.000000000000000E+000  0.000000000000000E+000
  0.000000000000000E+000  0.000000000000000E+000
   1.50000000000000        1.50000000000000        1.50000000000000     
   1.50000000000000        1.50000000000000        1.50000000000000     
   1.50000000000000        1.50000000000000        1.50000000000000     
   1.50000000000000        1.50000000000000     
  0.000000000000000E+000
  0.000000000000000E+000
  0.000000000000000E+000
  0.000000000000000E+000
  0.000000000000000E+000
  0.000000000000000E+000
  0.000000000000000E+000
  0.000000000000000E+000
  0.000000000000000E+000
  0.000000000000000E+000
  0.000000000000000E+000
  0.000000000000000E+000
  0.000000000000000E+000
  0.000000000000000E+000
  0.000000000000000E+000
  0.000000000000000E+000
