           1
          11
 rho_tor
  0.100000000000000     
  0.000000000000000E+000  0.100000000000000       0.200000000000000     
  0.300000000000000       0.400000000000000       0.500000000000000     
  0.600000000000000       0.700000000000000       0.800000000000000     
  0.900000000000000        1.00000000000000     
   1.54085899271243        1.52400655756971        1.42242159047904     
   1.22607703098327       0.960376519239918       0.690176074280487     
  0.464294882901318       0.298660730460095       0.182336737516832     
  0.103774135862816       4.258310429344896E-002
   1.54085899271243        1.52400655756971        1.42242159047904     
   1.22607703098327       0.960376519239918       0.690176074280487     
  0.464294882901318       0.298660730460095       0.182336737516832     
  0.103774135862816       4.258310429344896E-002
   31603047966230.1        31576928886910.8        31376476253636.2     
   30493815916980.8        28939973000141.2        27586042299435.8     
   28064127845790.0        28445965619884.3        27172911638806.7     
   23707375548551.1        10505552373852.0     
  0.000000000000000E+000  0.000000000000000E+000  0.000000000000000E+000
  0.000000000000000E+000  0.000000000000000E+000  0.000000000000000E+000
  0.000000000000000E+000  0.000000000000000E+000  0.000000000000000E+000
  0.000000000000000E+000  0.000000000000000E+000
   1.50000000000000        1.50000000000000        1.50000000000000     
   1.50000000000000        1.50000000000000        1.50000000000000     
   1.50000000000000        1.50000000000000        1.50000000000000     
   1.50000000000000        1.50000000000000     
  0.000000000000000E+000
  0.000000000000000E+000
  0.000000000000000E+000
  0.000000000000000E+000
  0.000000000000000E+000
  0.000000000000000E+000
  0.000000000000000E+000
  0.000000000000000E+000
  0.000000000000000E+000
  0.000000000000000E+000
  0.000000000000000E+000
  0.000000000000000E+000
  0.000000000000000E+000
  0.000000000000000E+000
  0.000000000000000E+000
  0.000000000000000E+000
