           1
          11
 rho_tor
  0.100000000000000     
  0.000000000000000E+000  0.100000000000000       0.200000000000000     
  0.300000000000000       0.400000000000000       0.500000000000000     
  0.600000000000000       0.700000000000000       0.800000000000000     
  0.900000000000000        1.00000000000000     
   4.25519720736635        4.00882244648972        2.98086683118911     
   1.99198313217055        1.32512100393296       0.835612577805073     
  0.509553940451104       0.309381084307399       0.189040995720450     
  0.116779334541121       6.680256442299247E-002
   4.25519720736635        4.00882244648972        2.98086683118911     
   1.99198313217055        1.32512100393296       0.835612577805073     
  0.509553940451104       0.309381084307399       0.189040995720450     
  0.116779334541121       6.680256442299248E-002
   33954330844512.1        34128890562744.3        34307643495336.8     
   33786391427222.6        31839564262723.7        29310813055154.1     
   28853036369389.7        28550605618107.3        27313185804688.7     
   23342267017694.6        11389062419208.3     
  0.000000000000000E+000  0.000000000000000E+000  0.000000000000000E+000
  0.000000000000000E+000  0.000000000000000E+000  0.000000000000000E+000
  0.000000000000000E+000  0.000000000000000E+000  0.000000000000000E+000
  0.000000000000000E+000  0.000000000000000E+000
   1.50000000000000        1.50000000000000        1.50000000000000     
   1.50000000000000        1.50000000000000        1.50000000000000     
   1.50000000000000        1.50000000000000        1.50000000000000     
   1.50000000000000        1.50000000000000     
  0.000000000000000E+000
  0.000000000000000E+000
  0.000000000000000E+000
  0.000000000000000E+000
  0.000000000000000E+000
  0.000000000000000E+000
  0.000000000000000E+000
  0.000000000000000E+000
  0.000000000000000E+000
  0.000000000000000E+000
  0.000000000000000E+000
  0.000000000000000E+000
  0.000000000000000E+000
  0.000000000000000E+000
  0.000000000000000E+000
  0.000000000000000E+000
