           1
          11
 rho_tor
  0.100000000000000     
  0.000000000000000E+000  0.100000000000000       0.200000000000000     
  0.300000000000000       0.400000000000000       0.500000000000000     
  0.600000000000000       0.700000000000000       0.800000000000000     
  0.900000000000000        1.00000000000000     
   1.95996885582569        1.92050447631805        1.72252778551537     
   1.44227554388484        1.14365766289420       0.838168566193667     
  0.583129860420123       0.388046354228134       0.234760636134487     
  0.124922006181310       2.000000000000000E-002
   1.95996885582569        1.92050447631805        1.72252778551537     
   1.44227554388484        1.14365766289420       0.838168566193667     
  0.583129860420123       0.388046354228134       0.234760636134487     
  0.124922006181310       2.000000000000000E-002
   64183985820822.6        63261586011352.7        61796020873392.6     
   58919551982344.6        55445378496598.6        52084428712290.1     
   50907143411227.1        48862795646165.8        46722598541677.7     
   41800965453102.2        13817489031261.6     
  0.000000000000000E+000  0.000000000000000E+000  0.000000000000000E+000
  0.000000000000000E+000  0.000000000000000E+000  0.000000000000000E+000
  0.000000000000000E+000  0.000000000000000E+000  0.000000000000000E+000
  0.000000000000000E+000  0.000000000000000E+000
   1.50000000000000        1.50000000000000        1.50000000000000     
   1.50000000000000        1.50000000000000        1.50000000000000     
   1.50000000000000        1.50000000000000        1.50000000000000     
   1.50000000000000        1.50000000000000     
  0.000000000000000E+000
  0.000000000000000E+000
  0.000000000000000E+000
  0.000000000000000E+000
  0.000000000000000E+000
   1271830.64192019     
   1330792.84857419     
  0.000000000000000E+000
   1726401.90114070     
   1588844.87471490     
  0.000000000000000E+000
  0.000000000000000E+000
  0.000000000000000E+000
  0.000000000000000E+000
   1492700.44106477     
  0.000000000000000E+000
