           1
          11
 rho_tor
  0.100000000000000     
  0.000000000000000E+000  0.100000000000000       0.200000000000000     
  0.300000000000000       0.400000000000000       0.500000000000000     
  0.600000000000000       0.700000000000000       0.800000000000000     
  0.900000000000000        1.00000000000000     
   2.28483038087638        2.22849951602158        1.93251484981403     
   1.53894274821253        1.16524208087207       0.810202162505602     
  0.532293491916423       0.339624465264153       0.208201513774040     
  0.117998715730829       4.270498414742832E-002
   2.28483038087638        2.22849951602158        1.93251484981404     
   1.53894274821253        1.16524208087207       0.810202162505602     
  0.532293491916423       0.339624465264153       0.208201513774040     
  0.117998715730829       4.270498414742833E-002
   41108974587035.9        41002243005096.9        40722064980011.6     
   39712505133044.9        37861490452672.2        36044817941138.7     
   36312787213989.0        36678131809125.0        35849443629579.1     
   30120711412749.6        12977691495667.0     
  0.000000000000000E+000  0.000000000000000E+000  0.000000000000000E+000
  0.000000000000000E+000  0.000000000000000E+000  0.000000000000000E+000
  0.000000000000000E+000  0.000000000000000E+000  0.000000000000000E+000
  0.000000000000000E+000  0.000000000000000E+000
   1.50000000000000        1.50000000000000        1.50000000000000     
   1.50000000000000        1.50000000000000        1.50000000000000     
   1.50000000000000        1.50000000000000        1.50000000000000     
   1.50000000000000        1.50000000000000     
  0.000000000000000E+000
  0.000000000000000E+000
  0.000000000000000E+000
  0.000000000000000E+000
  0.000000000000000E+000
   1271824.34553219     
   1334898.61596951     
  0.000000000000000E+000
  0.000000000000000E+000
  0.000000000000000E+000
  0.000000000000000E+000
  0.000000000000000E+000
  0.000000000000000E+000
  0.000000000000000E+000
   1476202.51729996     
  0.000000000000000E+000
