           1
          11
 rho_tor
  0.100000000000000     
  0.000000000000000E+000  0.100000000000000       0.200000000000000     
  0.300000000000000       0.400000000000000       0.500000000000000     
  0.600000000000000       0.700000000000000       0.800000000000000     
  0.900000000000000        1.00000000000000     
   2.13663871557975        2.10709457120389        1.93680213599286     
   1.66553574723806        1.35041569135674        1.01614262186544     
  0.719583853328738       0.477235745762766       0.279092999758042     
  0.140862673949400       2.000000000000000E-002
   2.13663871557975        2.10709457120389        1.93680213599286     
   1.66553574723806        1.35041569135674        1.01614262186544     
  0.719583853328738       0.477235745762766       0.279092999758042     
  0.140862673949400       2.000000000000000E-002
   70140671575073.1        69065075278080.2        67491382787248.9     
   63959856135669.0        59421131588693.1        54932393606490.2     
   52548763421610.2        50846754445941.7        49502869181127.7     
   48925488832360.1        18031726462422.0     
  0.000000000000000E+000  0.000000000000000E+000  0.000000000000000E+000
  0.000000000000000E+000  0.000000000000000E+000  0.000000000000000E+000
  0.000000000000000E+000  0.000000000000000E+000  0.000000000000000E+000
  0.000000000000000E+000  0.000000000000000E+000
   1.50000000000000        1.50000000000000        1.50000000000000     
   1.50000000000000        1.50000000000000        1.50000000000000     
   1.50000000000000        1.50000000000000        1.50000000000000     
   1.50000000000000        1.50000000000000     
  0.000000000000000E+000
  0.000000000000000E+000
   1070377.43244279     
   1032396.04580156     
  0.000000000000000E+000
   1261634.01536267     
  0.000000000000000E+000
  0.000000000000000E+000
   1701743.49627876     
   1582575.78912223     
   1788942.62872144     
   1804435.07633602     
  0.000000000000000E+000
  0.000000000000000E+000
   1482340.74055366     
  0.000000000000000E+000
