           1
          11
 rho_tor
  0.100000000000000     
  0.000000000000000E+000  0.100000000000000       0.200000000000000     
  0.300000000000000       0.400000000000000       0.500000000000000     
  0.600000000000000       0.700000000000000       0.800000000000000     
  0.900000000000000        1.00000000000000     
   1.52637059292104        1.51160708710520        1.41614256469105     
   1.22664890298412       0.971374138148727       0.709905234641785     
  0.482352344499982       0.308308903429938       0.183800140640218     
  9.257954841988049E-002  2.000000000000000E-002
   1.52637059292104        1.51160708710520        1.41614256469105     
   1.22664890298412       0.971374138148727       0.709905234641785     
  0.482352344499982       0.308308903429938       0.183800140640218     
  9.257954841988049E-002  2.000000000000000E-002
   31122128605152.2        31060783361739.2        30846063293812.5     
   30054471003352.8        28648527188179.7        27222489128882.2     
   27281632689809.1        28142384775845.7        27228874725328.1     
   22598898354188.1        10919879427021.7     
  0.000000000000000E+000  0.000000000000000E+000  0.000000000000000E+000
  0.000000000000000E+000  0.000000000000000E+000  0.000000000000000E+000
  0.000000000000000E+000  0.000000000000000E+000  0.000000000000000E+000
  0.000000000000000E+000  0.000000000000000E+000
   1.50000000000000        1.50000000000000        1.50000000000000     
   1.50000000000000        1.50000000000000        1.50000000000000     
   1.50000000000000        1.50000000000000        1.50000000000000     
   1.50000000000000        1.50000000000000     
  0.000000000000000E+000
  0.000000000000000E+000
  0.000000000000000E+000
  0.000000000000000E+000
  0.000000000000000E+000
  0.000000000000000E+000
  0.000000000000000E+000
  0.000000000000000E+000
  0.000000000000000E+000
  0.000000000000000E+000
  0.000000000000000E+000
  0.000000000000000E+000
  0.000000000000000E+000
  0.000000000000000E+000
  0.000000000000000E+000
  0.000000000000000E+000
