           1
          11
 rho_tor
  0.100000000000000     
  0.000000000000000E+000  0.100000000000000       0.200000000000000     
  0.300000000000000       0.400000000000000       0.500000000000000     
  0.600000000000000       0.700000000000000       0.800000000000000     
  0.900000000000000        1.00000000000000     
   2.32307157625512        2.26703414457808        1.96542644874491     
   1.56023464483664        1.17607576035724       0.814910913848590     
  0.531817444608808       0.336383010528317       0.205252276702518     
  0.114362945703146       4.141859196425492E-002
   2.32307157625512        2.26703414457808        1.96542644874491     
   1.56023464483664        1.17607576035724       0.814910913848590     
  0.531817444608808       0.336383010528317       0.205252276702518     
  0.114362945703146       4.141859196425492E-002
   39891416174778.1        39834284811895.9        39589105217715.8     
   38681636812353.1        37139736398340.6        35702667096396.5     
   35706592203174.5        36447680683864.5        35856505189341.8     
   29785446570923.1        14069915901029.3     
  0.000000000000000E+000  0.000000000000000E+000  0.000000000000000E+000
  0.000000000000000E+000  0.000000000000000E+000  0.000000000000000E+000
  0.000000000000000E+000  0.000000000000000E+000  0.000000000000000E+000
  0.000000000000000E+000  0.000000000000000E+000
   1.50000000000000        1.50000000000000        1.50000000000000     
   1.50000000000000        1.50000000000000        1.50000000000000     
   1.50000000000000        1.50000000000000        1.50000000000000     
   1.50000000000000        1.50000000000000     
  0.000000000000000E+000
  0.000000000000000E+000
  0.000000000000000E+000
  0.000000000000000E+000
  0.000000000000000E+000
   1271813.55238541     
   1336877.24417933     
  0.000000000000000E+000
  0.000000000000000E+000
  0.000000000000000E+000
  0.000000000000000E+000
  0.000000000000000E+000
  0.000000000000000E+000
  0.000000000000000E+000
   1502860.74045786     
  0.000000000000000E+000
