           1
          11
 rho_tor
  0.100000000000000     
  0.000000000000000E+000  0.100000000000000       0.200000000000000     
  0.300000000000000       0.400000000000000       0.500000000000000     
  0.600000000000000       0.700000000000000       0.800000000000000     
  0.900000000000000        1.00000000000000     
   2.17050228493917        2.11033569998566        1.79820783899770     
   1.40096786799835        1.04225698076845       0.707178343445479     
  0.450167400996008       0.281990733344829       0.167317357479290     
  8.567153421460182E-002  2.000000000000000E-002
   2.17050228493917        2.11033569998566        1.79820783899770     
   1.40096786799835        1.04225698076845       0.707178343445479     
  0.450167400996008       0.281990733344829       0.167317357479290     
  8.567153421460182E-002  2.000000000000000E-002
   39134733816417.3        39566114914287.5        40093614306279.0     
   39748640700272.0        37438592382960.5        34613434903762.2     
   35078088162459.0        35006143422992.2        32580643498238.7     
   27104785228780.1        12443850143782.0     
  0.000000000000000E+000  0.000000000000000E+000  0.000000000000000E+000
  0.000000000000000E+000  0.000000000000000E+000  0.000000000000000E+000
  0.000000000000000E+000  0.000000000000000E+000  0.000000000000000E+000
  0.000000000000000E+000  0.000000000000000E+000
   1.50000000000000        1.50000000000000        1.50000000000000     
   1.50000000000000        1.50000000000000        1.50000000000000     
   1.50000000000000        1.50000000000000        1.50000000000000     
   1.50000000000000        1.50000000000000     
  0.000000000000000E+000
  0.000000000000000E+000
   1036898.99999997     
   1002790.51774805     
  0.000000000000000E+000
  0.000000000000000E+000
  0.000000000000000E+000
  0.000000000000000E+000
  0.000000000000000E+000
  0.000000000000000E+000
  0.000000000000000E+000
  0.000000000000000E+000
  0.000000000000000E+000
  0.000000000000000E+000
   1517243.49618312     
  0.000000000000000E+000
