           1
          11
 rho_tor
  0.100000000000000     
  0.000000000000000E+000  0.100000000000000       0.200000000000000     
  0.300000000000000       0.400000000000000       0.500000000000000     
  0.600000000000000       0.700000000000000       0.800000000000000     
  0.900000000000000        1.00000000000000     
   1.38885290926249        1.37584037033798        1.29477851819482     
   1.14194261174383       0.931905429291783       0.710317468314301     
  0.508352366833426       0.337936421294430       0.205977072881934     
  0.107932817417483       2.000000000000000E-002
   1.38885290926249        1.37584037033798        1.29477851819482     
   1.14194261174383       0.931905429291783       0.710317468314301     
  0.508352366833426       0.337936421294430       0.205977072881934     
  0.107932817417483       2.000000000000000E-002
   29858286670141.0        29571936150988.4        29037998780712.2     
   27874937968431.8        26533989798806.9        25660750541948.0     
   25355598001103.5        25510608991954.2        25217446867075.0     
   21571848492061.0        8618107831272.79     
  0.000000000000000E+000  0.000000000000000E+000  0.000000000000000E+000
  0.000000000000000E+000  0.000000000000000E+000  0.000000000000000E+000
  0.000000000000000E+000  0.000000000000000E+000  0.000000000000000E+000
  0.000000000000000E+000  0.000000000000000E+000
   1.50000000000000        1.50000000000000        1.50000000000000     
   1.50000000000000        1.50000000000000        1.50000000000000     
   1.50000000000000        1.50000000000000        1.50000000000000     
   1.50000000000000        1.50000000000000     
  0.000000000000000E+000
  0.000000000000000E+000
  0.000000000000000E+000
  0.000000000000000E+000
  0.000000000000000E+000
  0.000000000000000E+000
  0.000000000000000E+000
  0.000000000000000E+000
  0.000000000000000E+000
  0.000000000000000E+000
  0.000000000000000E+000
  0.000000000000000E+000
  0.000000000000000E+000
  0.000000000000000E+000
  0.000000000000000E+000
  0.000000000000000E+000
