           1
          11
 rho_tor
  0.100000000000000     
  0.000000000000000E+000  0.100000000000000       0.200000000000000     
  0.300000000000000       0.400000000000000       0.500000000000000     
  0.600000000000000       0.700000000000000       0.800000000000000     
  0.900000000000000        1.00000000000000     
   2.13993774444577        2.11015474247262        1.94066483183371     
   1.67196307067933        1.35983837521841        1.02780415314774     
  0.735111211059835       0.497700999158266       0.302497267908696     
  0.164697056483368       3.126223379166422E-002
   2.13993774444577        2.11015474247261        1.94066483183371     
   1.67196307067933        1.35983837521841        1.02780415314774     
  0.735111211059835       0.497700999158266       0.302497267908696     
  0.164697056483368       3.126223379166423E-002
   69681309369275.8        68600126466964.0        66931692765754.6     
   63323801897260.9        58792691770111.7        54484493969684.2     
   52390542520355.5        50330548236764.6        48512333927621.3     
   46992296845940.8        14705815623508.9     
  0.000000000000000E+000  0.000000000000000E+000  0.000000000000000E+000
  0.000000000000000E+000  0.000000000000000E+000  0.000000000000000E+000
  0.000000000000000E+000  0.000000000000000E+000  0.000000000000000E+000
  0.000000000000000E+000  0.000000000000000E+000
   1.50000000000000        1.50000000000000        1.50000000000000     
   1.50000000000000        1.50000000000000        1.50000000000000     
   1.50000000000000        1.50000000000000        1.50000000000000     
   1.50000000000000        1.50000000000000     
  0.000000000000000E+000
  0.000000000000000E+000
   1068467.90830157     
   1032390.00000000     
  0.000000000000000E+000
   1261632.50381675     
  0.000000000000000E+000
  0.000000000000000E+000
   1701724.74036258     
   1578525.78902666     
   1788958.29284341     
   1806483.09160304     
  0.000000000000000E+000
  0.000000000000000E+000
   1480275.41221357     
  0.000000000000000E+000
