           1
          11
 rho_tor
  0.100000000000000     
  0.000000000000000E+000  0.100000000000000       0.200000000000000     
  0.300000000000000       0.400000000000000       0.500000000000000     
  0.600000000000000       0.700000000000000       0.800000000000000     
  0.900000000000000        1.00000000000000     
   1.92542891791172        1.90030096980812        1.75191618954174     
   1.50733150918835        1.21821228070481       0.917779764282234     
  0.657543597521580       0.445014781901506       0.270624296761444     
  0.143184393869135       2.000000000000000E-002
   1.92542891791171        1.90030096980812        1.75191618954174     
   1.50733150918835        1.21821228070481       0.917779764282234     
  0.657543597521580       0.445014781901506       0.270624296761444     
  0.143184393869135       2.000000000000000E-002
   75568368177277.1        73944908137547.0        71612586785885.1     
   66812801393763.5        61626186414226.4        57545967975829.0     
   55435947589232.8        53531145888037.2        51647964420926.4     
   48070772074605.2        15341133208886.6     
  0.000000000000000E+000  0.000000000000000E+000  0.000000000000000E+000
  0.000000000000000E+000  0.000000000000000E+000  0.000000000000000E+000
  0.000000000000000E+000  0.000000000000000E+000  0.000000000000000E+000
  0.000000000000000E+000  0.000000000000000E+000
   1.50000000000000        1.50000000000000        1.50000000000000     
   1.50000000000000        1.50000000000000        1.50000000000000     
   1.50000000000000        1.50000000000000        1.50000000000000     
   1.50000000000000        1.50000000000000     
  0.000000000000000E+000
  0.000000000000000E+000
   1058634.13740463     
   1028549.95400766     
  0.000000000000000E+000
   1259575.00763361     
  0.000000000000000E+000
  0.000000000000000E+000
   1685440.30534360     
   1576465.00763361     
   1797082.35114500     
   1792180.30534360     
  0.000000000000000E+000
  0.000000000000000E+000
  0.000000000000000E+000
  0.000000000000000E+000
