           1
          11
 rho_tor
  0.100000000000000     
  0.000000000000000E+000  0.100000000000000       0.200000000000000     
  0.300000000000000       0.400000000000000       0.500000000000000     
  0.600000000000000       0.700000000000000       0.800000000000000     
  0.900000000000000        1.00000000000000     
   1.29880629549169        1.28632621953980        1.20831998614912     
   1.06549779083591       0.876202781480298       0.677995112155598     
  0.496691877200993       0.338409063863770       0.209041633560176     
  0.110110922497775       2.000000000000000E-002
   1.29880629549169        1.28632621953980        1.20831998614912     
   1.06549779083591       0.876202781480298       0.677995112155598     
  0.496691877200993       0.338409063863770       0.209041633560176     
  0.110110922497775       2.000000000000000E-002
   27590486278060.5        26993168161299.3        26069985878513.6     
   24517217674629.3        23443277476080.1        23474244480612.5     
   23513161077403.8        23081848436462.0        22480712091300.6     
   19742949116806.3        7476026115604.87     
  0.000000000000000E+000  0.000000000000000E+000  0.000000000000000E+000
  0.000000000000000E+000  0.000000000000000E+000  0.000000000000000E+000
  0.000000000000000E+000  0.000000000000000E+000  0.000000000000000E+000
  0.000000000000000E+000  0.000000000000000E+000
   1.50000000000000        1.50000000000000        1.50000000000000     
   1.50000000000000        1.50000000000000        1.50000000000000     
   1.50000000000000        1.50000000000000        1.50000000000000     
   1.50000000000000        1.50000000000000     
  0.000000000000000E+000
  0.000000000000000E+000
  0.000000000000000E+000
  0.000000000000000E+000
  0.000000000000000E+000
  0.000000000000000E+000
  0.000000000000000E+000
  0.000000000000000E+000
  0.000000000000000E+000
  0.000000000000000E+000
  0.000000000000000E+000
  0.000000000000000E+000
  0.000000000000000E+000
  0.000000000000000E+000
  0.000000000000000E+000
  0.000000000000000E+000
