           1
          11
 rho_tor
  0.100000000000000     
  0.000000000000000E+000  0.100000000000000       0.200000000000000     
  0.300000000000000       0.400000000000000       0.500000000000000     
  0.600000000000000       0.700000000000000       0.800000000000000     
  0.900000000000000        1.00000000000000     
   3.36667496256376        3.20075482220568        2.47003941090296     
   1.71722629964520        1.16430251743504       0.720503652207029     
  0.415331665092504       0.237502980377350       0.135531577021314     
  7.659020304413652E-002  2.814084382963087E-002
   3.36667496256376        3.20075482220568        2.47003941090296     
   1.71722629964520        1.16430251743504       0.720503652207029     
  0.415331665092504       0.237502980377350       0.135531577021314     
  7.659020304413652E-002  2.814084382963088E-002
   37736871434530.6        38437238115179.4        39446980507949.0     
   39965910000032.4        38575161379774.3        36335075797721.1     
   37400229021144.3        38535070464304.0        39097075736044.6     
   34367727624671.0        12370263083765.6     
  0.000000000000000E+000  0.000000000000000E+000  0.000000000000000E+000
  0.000000000000000E+000  0.000000000000000E+000  0.000000000000000E+000
  0.000000000000000E+000  0.000000000000000E+000  0.000000000000000E+000
  0.000000000000000E+000  0.000000000000000E+000
   1.50000000000000        1.50000000000000        1.50000000000000     
   1.50000000000000        1.50000000000000        1.50000000000000     
   1.50000000000000        1.50000000000000        1.50000000000000     
   1.50000000000000        1.50000000000000     
  0.000000000000000E+000
  0.000000000000000E+000
  0.000000000000000E+000
  0.000000000000000E+000
  0.000000000000000E+000
  0.000000000000000E+000
  0.000000000000000E+000
  0.000000000000000E+000
  0.000000000000000E+000
  0.000000000000000E+000
  0.000000000000000E+000
  0.000000000000000E+000
  0.000000000000000E+000
  0.000000000000000E+000
  0.000000000000000E+000
  0.000000000000000E+000
