           1
          11
 rho_tor
  0.100000000000000     
  0.000000000000000E+000  0.100000000000000       0.200000000000000     
  0.300000000000000       0.400000000000000       0.500000000000000     
  0.600000000000000       0.700000000000000       0.800000000000000     
  0.900000000000000        1.00000000000000     
   1.37219040452155        1.35946869594390        1.27961273573877     
   1.12967284038068       0.924328467714454       0.707337017348327     
  0.509084421117563       0.341778908023289       0.210092363439129     
  0.107737525409812       2.000000000000000E-002
   1.37219040452155        1.35946869594390        1.27961273573877     
   1.12967284038068       0.924328467714454       0.707337017348327     
  0.509084421117563       0.341778908023289       0.210092363439129     
  0.107737525409812       2.000000000000000E-002
   29149841243541.4        28886074119180.7        28410289039203.8     
   27361432596193.4        26070838306241.7        25103326840135.1     
   24976985064586.0        25337172377237.4        24617452255145.0     
   20739264272142.6        9606265132843.73     
  0.000000000000000E+000  0.000000000000000E+000  0.000000000000000E+000
  0.000000000000000E+000  0.000000000000000E+000  0.000000000000000E+000
  0.000000000000000E+000  0.000000000000000E+000  0.000000000000000E+000
  0.000000000000000E+000  0.000000000000000E+000
   1.50000000000000        1.50000000000000        1.50000000000000     
   1.50000000000000        1.50000000000000        1.50000000000000     
   1.50000000000000        1.50000000000000        1.50000000000000     
   1.50000000000000        1.50000000000000     
  0.000000000000000E+000
  0.000000000000000E+000
  0.000000000000000E+000
  0.000000000000000E+000
  0.000000000000000E+000
  0.000000000000000E+000
  0.000000000000000E+000
  0.000000000000000E+000
  0.000000000000000E+000
  0.000000000000000E+000
  0.000000000000000E+000
  0.000000000000000E+000
  0.000000000000000E+000
  0.000000000000000E+000
  0.000000000000000E+000
  0.000000000000000E+000
