           1
          11
 rho_tor
  0.100000000000000     
  0.000000000000000E+000  0.100000000000000       0.200000000000000     
  0.300000000000000       0.400000000000000       0.500000000000000     
  0.600000000000000       0.700000000000000       0.800000000000000     
  0.900000000000000        1.00000000000000     
   2.20047894049205        2.14926058784631        1.87003556908902     
   1.48527136536764        1.11499630406867       0.765300138595532     
  0.498198279893974       0.321198136695340       0.202845421414337     
  0.120577563703910       5.412738599801615E-002
   2.20047894049204        2.14926058784630        1.87003556908902     
   1.48527136536765        1.11499630406867       0.765300138595532     
  0.498198279893974       0.321198136695340       0.202845421414337     
  0.120577563703910       5.412738599801616E-002
   39285194245585.4        39288057721999.0        39144384008184.3     
   38206158126628.0        36243268540914.5        34383078834809.9     
   35058591378663.4        35678720732325.3        34236886380503.5     
   28649956994413.8        13175428451121.3     
  0.000000000000000E+000  0.000000000000000E+000  0.000000000000000E+000
  0.000000000000000E+000  0.000000000000000E+000  0.000000000000000E+000
  0.000000000000000E+000  0.000000000000000E+000  0.000000000000000E+000
  0.000000000000000E+000  0.000000000000000E+000
   1.50000000000000        1.50000000000000        1.50000000000000     
   1.50000000000000        1.50000000000000        1.50000000000000     
   1.50000000000000        1.50000000000000        1.50000000000000     
   1.50000000000000        1.50000000000000     
  0.000000000000000E+000
  0.000000000000000E+000
  0.000000000000000E+000
  0.000000000000000E+000
  0.000000000000000E+000
   1239110.58789804     
   1320551.11926741     
  0.000000000000000E+000
  0.000000000000000E+000
  0.000000000000000E+000
  0.000000000000000E+000
  0.000000000000000E+000
  0.000000000000000E+000
  0.000000000000000E+000
   1517193.34347119     
  0.000000000000000E+000
