           1
          11
 rho_tor
  0.100000000000000     
  0.000000000000000E+000  0.100000000000000       0.200000000000000     
  0.300000000000000       0.400000000000000       0.500000000000000     
  0.600000000000000       0.700000000000000       0.800000000000000     
  0.900000000000000        1.00000000000000     
   1.21747623430675        1.20100471790421        1.10958098823726     
  0.965643708802863       0.802702774896721       0.643339710917515     
  0.494975945618272       0.356708816149346       0.236571130554404     
  0.133643908748651       2.428252011896011E-002
   1.21747623430675        1.20100471790421        1.10958098823726     
  0.965643708802863       0.802702774896721       0.643339710917515     
  0.494975945618272       0.356708816149346       0.236571130554404     
  0.133643908748651       2.428252011896012E-002
   15188397017353.1        14932143023023.2        14558160087696.8     
   14007765605209.6        13680719561805.1        13586270819176.8     
   12968433316671.3        12289110685442.3        12008148888603.2     
   9803352940591.84        3802854510931.54     
  0.000000000000000E+000  0.000000000000000E+000  0.000000000000000E+000
  0.000000000000000E+000  0.000000000000000E+000  0.000000000000000E+000
  0.000000000000000E+000  0.000000000000000E+000  0.000000000000000E+000
  0.000000000000000E+000  0.000000000000000E+000
   1.50000000000000        1.50000000000000        1.50000000000000     
   1.50000000000000        1.50000000000000        1.50000000000000     
   1.50000000000000        1.50000000000000        1.50000000000000     
   1.50000000000000        1.50000000000000     
  0.000000000000000E+000
  0.000000000000000E+000
  0.000000000000000E+000
  0.000000000000000E+000
  0.000000000000000E+000
  0.000000000000000E+000
  0.000000000000000E+000
  0.000000000000000E+000
  0.000000000000000E+000
  0.000000000000000E+000
  0.000000000000000E+000
  0.000000000000000E+000
  0.000000000000000E+000
  0.000000000000000E+000
  0.000000000000000E+000
  0.000000000000000E+000
