           1
          11
 rho_tor
  0.100000000000000     
  0.000000000000000E+000  0.100000000000000       0.200000000000000     
  0.300000000000000       0.400000000000000       0.500000000000000     
  0.600000000000000       0.700000000000000       0.800000000000000     
  0.900000000000000        1.00000000000000     
   1.96578221515444        1.92806344839257        1.73816367317644     
   1.46494597182204        1.16535143496390       0.856733414104396     
  0.596711851945176       0.392692219952505       0.229300589776611     
  0.117257535016817       2.000000000000000E-002
   1.96578221515444        1.92806344839257        1.73816367317644     
   1.46494597182204        1.16535143496390       0.856733414104396     
  0.596711851945176       0.392692219952505       0.229300589776611     
  0.117257535016817       2.000000000000000E-002
   65560842944867.3        64355953859380.5        62446945837487.7     
   58875162541059.2        55049605839467.6        51869643607757.5     
   50495773482352.3        47741558925340.4        46003799112863.6     
   44781685882882.9        15542934933986.3     
  0.000000000000000E+000  0.000000000000000E+000  0.000000000000000E+000
  0.000000000000000E+000  0.000000000000000E+000  0.000000000000000E+000
  0.000000000000000E+000  0.000000000000000E+000  0.000000000000000E+000
  0.000000000000000E+000  0.000000000000000E+000
   1.50000000000000        1.50000000000000        1.50000000000000     
   1.50000000000000        1.50000000000000        1.50000000000000     
   1.50000000000000        1.50000000000000        1.50000000000000     
   1.50000000000000        1.50000000000000     
  0.000000000000000E+000
  0.000000000000000E+000
  0.000000000000000E+000
  0.000000000000000E+000
  0.000000000000000E+000
   1267740.00000000     
   1328756.85171104     
  0.000000000000000E+000
   1718152.49448683     
   1582563.27309885     
  0.000000000000000E+000
  0.000000000000000E+000
  0.000000000000000E+000
  0.000000000000000E+000
   1478228.71482864     
  0.000000000000000E+000
