           1
          11
 rho_tor
  0.100000000000000     
  0.000000000000000E+000  0.100000000000000       0.200000000000000     
  0.300000000000000       0.400000000000000       0.500000000000000     
  0.600000000000000       0.700000000000000       0.800000000000000     
  0.900000000000000        1.00000000000000     
   1.23791171140756        1.21895297964436        1.12219001893966     
  0.974708350767226       0.806214910166360       0.640997989771233     
  0.491126044875975       0.359518859536169       0.248116066762147     
  0.151612087659641       2.000000000000000E-002
   1.23791171140756        1.21895297964436        1.12219001893966     
  0.974708350767226       0.806214910166360       0.640997989771233     
  0.491126044875975       0.359518859536169       0.248116066762147     
  0.151612087659641       2.000000000000000E-002
   11366925472675.6        11158596145160.0        10868878021240.4     
   10380315514288.8        9910340933761.66        9529005095618.01     
   9321241410199.18        9382338012215.60        9373519561186.25     
   7703223246574.12        1603924067148.13     
  0.000000000000000E+000  0.000000000000000E+000  0.000000000000000E+000
  0.000000000000000E+000  0.000000000000000E+000  0.000000000000000E+000
  0.000000000000000E+000  0.000000000000000E+000  0.000000000000000E+000
  0.000000000000000E+000  0.000000000000000E+000
   1.50000000000000        1.50000000000000        1.50000000000000     
   1.50000000000000        1.50000000000000        1.50000000000000     
   1.50000000000000        1.50000000000000        1.50000000000000     
   1.50000000000000        1.50000000000000     
  0.000000000000000E+000
  0.000000000000000E+000
  0.000000000000000E+000
  0.000000000000000E+000
  0.000000000000000E+000
  0.000000000000000E+000
  0.000000000000000E+000
  0.000000000000000E+000
  0.000000000000000E+000
  0.000000000000000E+000
  0.000000000000000E+000
  0.000000000000000E+000
  0.000000000000000E+000
  0.000000000000000E+000
  0.000000000000000E+000
  0.000000000000000E+000
