           1
          11
 rho_tor
  0.100000000000000     
  0.000000000000000E+000  0.100000000000000       0.200000000000000     
  0.300000000000000       0.400000000000000       0.500000000000000     
  0.600000000000000       0.700000000000000       0.800000000000000     
  0.900000000000000        1.00000000000000     
   2.25110691394613        2.19618014401736        1.90556230936230     
   1.51795470295144        1.14956621163096       0.803025790744994     
  0.530763399961954       0.339115082332029       0.207816881816734     
  0.114371127324135       3.884809784155486E-002
   2.25110691394613        2.19618014401735        1.90556230936230     
   1.51795470295144        1.14956621163096       0.803025790744994     
  0.530763399961954       0.339115082332029       0.207816881816734     
  0.114371127324135       3.884809784155487E-002
   41981541741732.8        41776967904834.0        41317461630036.4     
   40179809682706.2        38522095910422.0        36940903004955.6     
   36470415633371.9        36698236403559.9        35503855598572.9     
   29029541671354.3        13649158384497.8     
  0.000000000000000E+000  0.000000000000000E+000  0.000000000000000E+000
  0.000000000000000E+000  0.000000000000000E+000  0.000000000000000E+000
  0.000000000000000E+000  0.000000000000000E+000  0.000000000000000E+000
  0.000000000000000E+000  0.000000000000000E+000
   1.50000000000000        1.50000000000000        1.50000000000000     
   1.50000000000000        1.50000000000000        1.50000000000000     
   1.50000000000000        1.50000000000000        1.50000000000000     
   1.50000000000000        1.50000000000000     
  0.000000000000000E+000
  0.000000000000000E+000
  0.000000000000000E+000
  0.000000000000000E+000
  0.000000000000000E+000
   1269809.87500000     
   1334880.00000000     
  0.000000000000000E+000
  0.000000000000000E+000
  0.000000000000000E+000
  0.000000000000000E+000
  0.000000000000000E+000
  0.000000000000000E+000
  0.000000000000000E+000
   1465829.87500000     
  0.000000000000000E+000
