           1
          11
 rho_tor
  0.100000000000000     
  0.000000000000000E+000  0.100000000000000       0.200000000000000     
  0.300000000000000       0.400000000000000       0.500000000000000     
  0.600000000000000       0.700000000000000       0.800000000000000     
  0.900000000000000        1.00000000000000     
  0.744019378801080       0.717527523148611       0.642742610620474     
  0.570883588149418       0.472204589773240       0.382180720691125     
  0.305399309667931       0.229876709573578       0.158715798660146     
  9.991190876182306E-002  2.000000000000000E-002
  0.744019378801080       0.717527523148611       0.642742610620474     
  0.570883588149418       0.472204589773240       0.382180720691125     
  0.305399309667931       0.229876709573578       0.158715798660146     
  9.991190876182306E-002  2.000000000000000E-002
   18655147962989.6        17589721106391.0        15907444653141.1     
   13353391521682.8        11509016818503.8        10721886218913.1     
   8891173090921.29        6674160985236.96        5883111031528.38     
   4825893777465.52        915762938661.603     
  0.000000000000000E+000  0.000000000000000E+000  0.000000000000000E+000
  0.000000000000000E+000  0.000000000000000E+000  0.000000000000000E+000
  0.000000000000000E+000  0.000000000000000E+000  0.000000000000000E+000
  0.000000000000000E+000  0.000000000000000E+000
   1.50000000000000        1.50000000000000        1.50000000000000     
   1.50000000000000        1.50000000000000        1.50000000000000     
   1.50000000000000        1.50000000000000        1.50000000000000     
   1.50000000000000        1.50000000000000     
  0.000000000000000E+000
  0.000000000000000E+000
  0.000000000000000E+000
  0.000000000000000E+000
  0.000000000000000E+000
  0.000000000000000E+000
  0.000000000000000E+000
  0.000000000000000E+000
  0.000000000000000E+000
  0.000000000000000E+000
  0.000000000000000E+000
  0.000000000000000E+000
  0.000000000000000E+000
  0.000000000000000E+000
  0.000000000000000E+000
  0.000000000000000E+000
