           1
          11
 rho_tor
  0.100000000000000     
  0.000000000000000E+000  0.100000000000000       0.200000000000000     
  0.300000000000000       0.400000000000000       0.500000000000000     
  0.600000000000000       0.700000000000000       0.800000000000000     
  0.900000000000000        1.00000000000000     
   2.09686896136542        2.06706987780855        1.90172512153211     
   1.64214240234328        1.34291428318006        1.02178406646593     
  0.733328114109200       0.496651102815845       0.300945945406900     
  0.163718861233837       2.000000000000000E-002
   2.09686896136542        2.06706987780855        1.90172512153211     
   1.64214240234328        1.34291428318006        1.02178406646593     
  0.733328114109200       0.496651102815845       0.300945945406900     
  0.163718861233837       2.000000000000000E-002
   69861758984022.1        68959772035062.3        67591750300980.1     
   64439194619196.7        60041443238204.1        55239277975499.8     
   52812564870374.4        50561451695658.2        48613404848601.1     
   46651812127110.2        11914582190952.6     
  0.000000000000000E+000  0.000000000000000E+000  0.000000000000000E+000
  0.000000000000000E+000  0.000000000000000E+000  0.000000000000000E+000
  0.000000000000000E+000  0.000000000000000E+000  0.000000000000000E+000
  0.000000000000000E+000  0.000000000000000E+000
   1.50000000000000        1.50000000000000        1.50000000000000     
   1.50000000000000        1.50000000000000        1.50000000000000     
   1.50000000000000        1.50000000000000        1.50000000000000     
   1.50000000000000        1.50000000000000     
  0.000000000000000E+000
  0.000000000000000E+000
   1074303.03422063     
   1032393.01150189     
  0.000000000000000E+000
   1263615.60456268     
  0.000000000000000E+000
  0.000000000000000E+000
   1709987.28203427     
   1582572.58108360     
   1782769.96216711     
   1812587.54372628     
  0.000000000000000E+000
  0.000000000000000E+000
   1476183.76425821     
  0.000000000000000E+000
