           1
          11
 rho_tor
  0.100000000000000     
  0.000000000000000E+000  0.100000000000000       0.200000000000000     
  0.300000000000000       0.400000000000000       0.500000000000000     
  0.600000000000000       0.700000000000000       0.800000000000000     
  0.900000000000000        1.00000000000000     
   1.94522349455379        1.92119300227128        1.77321259152149     
   1.52403675133840        1.22722982533544       0.919909824666629     
  0.657291818431806       0.444961597432169       0.269918341669591     
  0.148633160820178       2.000000000000000E-002
   1.94522349455378        1.92119300227128        1.77321259152149     
   1.52403675133840        1.22722982533544       0.919909824666629     
  0.657291818431806       0.444961597432169       0.269918341669591     
  0.148633160820178       2.000000000000000E-002
   75470213188337.8        73603288873508.3        70885789299513.7     
   65692691349302.6        60498553101716.4        56857365430657.7     
   55420107319822.3        53356007825087.9        52375788429323.1     
   52040799321094.3        12665946537403.1     
  0.000000000000000E+000  0.000000000000000E+000  0.000000000000000E+000
  0.000000000000000E+000  0.000000000000000E+000  0.000000000000000E+000
  0.000000000000000E+000  0.000000000000000E+000  0.000000000000000E+000
  0.000000000000000E+000  0.000000000000000E+000
   1.50000000000000        1.50000000000000        1.50000000000000     
   1.50000000000000        1.50000000000000        1.50000000000000     
   1.50000000000000        1.50000000000000        1.50000000000000     
   1.50000000000000        1.50000000000000     
  0.000000000000000E+000
  0.000000000000000E+000
   1060560.00000000     
   1028520.00000000     
  0.000000000000000E+000
   1261620.00000000     
  0.000000000000000E+000
  0.000000000000000E+000
   1685340.00000000     
   1576440.00000000     
   1795050.00000000     
   1796220.12500000     
  0.000000000000000E+000
  0.000000000000000E+000
  0.000000000000000E+000
  0.000000000000000E+000
