           1
          11
 rho_tor
  0.100000000000000     
  0.000000000000000E+000  0.100000000000000       0.200000000000000     
  0.300000000000000       0.400000000000000       0.500000000000000     
  0.600000000000000       0.700000000000000       0.800000000000000     
  0.900000000000000        1.00000000000000     
   23.0588547992077        21.4588113876936        13.2007143919756     
   6.51974023686262        3.56445838767954        1.87192704903473     
  0.824396199292460       0.267172567070671       3.439639022848931E-002
  5.502862299549618E-003  0.120000000000000     
   23.0588547992077        21.4588113876936        13.2007143919756     
   6.51974023686263        3.56445838767954        1.87192704903473     
  0.824396199292460       0.267172567070671       3.439639022848930E-002
  5.502862299549618E-003  0.120000000000000     
   9992057655498.25        9995387355727.94        9999088151157.39     
   10008682384431.9        9996126357590.30        9982151980628.43     
   10012178268397.6        10036359086808.9        9881664345608.63     
   10211340028099.4        9857624177049.26     
  0.000000000000000E+000  0.000000000000000E+000  0.000000000000000E+000
  0.000000000000000E+000  0.000000000000000E+000  0.000000000000000E+000
  0.000000000000000E+000  0.000000000000000E+000  0.000000000000000E+000
  0.000000000000000E+000  0.000000000000000E+000
   1.50000000000000        1.50000000000000        1.50000000000000     
   1.50000000000000        1.50000000000000        1.50000000000000     
   1.50000000000000        1.50000000000000        1.50000000000000     
   1.50000000000000        1.50000000000000     
   1000000.00000000     
   1000000.00000000     
   1000000.00000000     
   1000000.00000000     
  0.000000000000000E+000
  0.000000000000000E+000
  0.000000000000000E+000
  0.000000000000000E+000
  0.000000000000000E+000
  0.000000000000000E+000
  0.000000000000000E+000
  0.000000000000000E+000
  0.000000000000000E+000
  0.000000000000000E+000
  0.000000000000000E+000
  0.000000000000000E+000
