           1
          11
 rho_tor
  0.100000000000000     
  0.000000000000000E+000  0.100000000000000       0.200000000000000     
  0.300000000000000       0.400000000000000       0.500000000000000     
  0.600000000000000       0.700000000000000       0.800000000000000     
  0.900000000000000        1.00000000000000     
   2.26507269853500        2.18909469327899        1.80613930554029     
   1.33985509770771       0.942416080303379       0.595480292045197     
  0.347319921451901       0.201470011012938       0.116758026993321     
  6.742354393068981E-002  3.078240187462332E-002
   2.26507269853500        2.18909469327899        1.80613930554029     
   1.33985509770771       0.942416080303379       0.595480292045197     
  0.347319921451901       0.201470011012938       0.116758026993321     
  6.742354393068981E-002  3.078240187462333E-002
   38998008245846.4        39763622246875.8        40834273886151.8     
   41365743120609.4        39894380929301.4        37493692148076.4     
   38331654624652.6        39337151545885.1        39594637433385.7     
   36011642910921.1        16048592852248.4     
  0.000000000000000E+000  0.000000000000000E+000  0.000000000000000E+000
  0.000000000000000E+000  0.000000000000000E+000  0.000000000000000E+000
  0.000000000000000E+000  0.000000000000000E+000  0.000000000000000E+000
  0.000000000000000E+000  0.000000000000000E+000
   1.50000000000000        1.50000000000000        1.50000000000000     
   1.50000000000000        1.50000000000000        1.50000000000000     
   1.50000000000000        1.50000000000000        1.50000000000000     
   1.50000000000000        1.50000000000000     
  0.000000000000000E+000
  0.000000000000000E+000
  0.000000000000000E+000
  0.000000000000000E+000
  0.000000000000000E+000
  0.000000000000000E+000
  0.000000000000000E+000
  0.000000000000000E+000
  0.000000000000000E+000
  0.000000000000000E+000
  0.000000000000000E+000
  0.000000000000000E+000
  0.000000000000000E+000
  0.000000000000000E+000
  0.000000000000000E+000
  0.000000000000000E+000
