           1
          11
 rho_tor
  0.100000000000000     
  0.000000000000000E+000  0.100000000000000       0.200000000000000     
  0.300000000000000       0.400000000000000       0.500000000000000     
  0.600000000000000       0.700000000000000       0.800000000000000     
  0.900000000000000        1.00000000000000     
   1.94210664026456        1.90505962170608        1.71747780957147     
   1.44634757950686        1.15005691150425       0.850291207026284     
  0.599014327202983       0.402701484741170       0.252222728933958     
  0.143592016248299       4.704302466227588E-002
   1.94210664026456        1.90505962170608        1.71747780957148     
   1.44634757950686        1.15005691150425       0.850291207026284     
  0.599014327202983       0.402701484741170       0.252222728933958     
  0.143592016248299       4.704302466227589E-002
   66837299061710.6        65473228395787.8        63340933495684.1     
   59663414996859.7        56122813031565.7        53329923236454.0     
   51145314833358.7        49438779833278.7        48529149389006.2     
   42003421058838.9        16734765554680.6     
  0.000000000000000E+000  0.000000000000000E+000  0.000000000000000E+000
  0.000000000000000E+000  0.000000000000000E+000  0.000000000000000E+000
  0.000000000000000E+000  0.000000000000000E+000  0.000000000000000E+000
  0.000000000000000E+000  0.000000000000000E+000
   1.50000000000000        1.50000000000000        1.50000000000000     
   1.50000000000000        1.50000000000000        1.50000000000000     
   1.50000000000000        1.50000000000000        1.50000000000000     
   1.50000000000000        1.50000000000000     
  0.000000000000000E+000
  0.000000000000000E+000
  0.000000000000000E+000
  0.000000000000000E+000
  0.000000000000000E+000
   1267780.38041829     
   1326736.67680613     
  0.000000000000000E+000
   1718218.06064641     
   1584695.56673010     
  0.000000000000000E+000
  0.000000000000000E+000
  0.000000000000000E+000
  0.000000000000000E+000
   1480373.58954386     
  0.000000000000000E+000
