           1
          11
 rho_tor
  0.100000000000000     
  0.000000000000000E+000  0.100000000000000       0.200000000000000     
  0.300000000000000       0.400000000000000       0.500000000000000     
  0.600000000000000       0.700000000000000       0.800000000000000     
  0.900000000000000        1.00000000000000     
   1.28073132574604        1.26629466960326        1.18460542743558     
   1.04451222177011       0.863099708272396       0.673162768289103     
  0.497162398453211       0.341196571232266       0.214635439026957     
  0.116415577817058       2.000000000000000E-002
   1.28073132574604        1.26629466960326        1.18460542743558     
   1.04451222177011       0.863099708272396       0.673162768289103     
  0.497162398453211       0.341196571232266       0.214635439026957     
  0.116415577817058       2.000000000000000E-002
   24313250429671.9        23783095041714.2        23007180278765.5     
   21780777864811.9        21064915186536.6        21205349187264.5     
   21120488577610.0        20904726937493.6        20858461648371.2     
   17546399912695.3        6434478813673.90     
  0.000000000000000E+000  0.000000000000000E+000  0.000000000000000E+000
  0.000000000000000E+000  0.000000000000000E+000  0.000000000000000E+000
  0.000000000000000E+000  0.000000000000000E+000  0.000000000000000E+000
  0.000000000000000E+000  0.000000000000000E+000
   1.50000000000000        1.50000000000000        1.50000000000000     
   1.50000000000000        1.50000000000000        1.50000000000000     
   1.50000000000000        1.50000000000000        1.50000000000000     
   1.50000000000000        1.50000000000000     
  0.000000000000000E+000
  0.000000000000000E+000
  0.000000000000000E+000
  0.000000000000000E+000
  0.000000000000000E+000
  0.000000000000000E+000
  0.000000000000000E+000
  0.000000000000000E+000
  0.000000000000000E+000
  0.000000000000000E+000
  0.000000000000000E+000
  0.000000000000000E+000
  0.000000000000000E+000
  0.000000000000000E+000
  0.000000000000000E+000
  0.000000000000000E+000
