           1
          11
 rho_tor
  0.100000000000000     
  0.000000000000000E+000  0.100000000000000       0.200000000000000     
  0.300000000000000       0.400000000000000       0.500000000000000     
  0.600000000000000       0.700000000000000       0.800000000000000     
  0.900000000000000        1.00000000000000     
   1.52016275466694        1.50514660770692        1.41062681924956     
   1.22530569341359       0.974283267976936       0.716407056185010     
  0.490109580035346       0.313157192473291       0.186425283145193     
  9.654713490653793E-002  2.478924325596978E-002
   1.52016275466694        1.50514660770692        1.41062681924956     
   1.22530569341359       0.974283267976936       0.716407056185010     
  0.490109580035346       0.313157192473291       0.186425283145193     
  9.654713490653793E-002  2.478924325596979E-002
   31115678273762.9        31016568353516.5        30754520671418.7     
   29966591818497.8        28704836993729.2        27455836566489.3     
   27126996650075.3        27684085479242.9        27482513214721.9     
   23712486899131.3        11218123894320.7     
  0.000000000000000E+000  0.000000000000000E+000  0.000000000000000E+000
  0.000000000000000E+000  0.000000000000000E+000  0.000000000000000E+000
  0.000000000000000E+000  0.000000000000000E+000  0.000000000000000E+000
  0.000000000000000E+000  0.000000000000000E+000
   1.50000000000000        1.50000000000000        1.50000000000000     
   1.50000000000000        1.50000000000000        1.50000000000000     
   1.50000000000000        1.50000000000000        1.50000000000000     
   1.50000000000000        1.50000000000000     
  0.000000000000000E+000
  0.000000000000000E+000
  0.000000000000000E+000
  0.000000000000000E+000
  0.000000000000000E+000
  0.000000000000000E+000
  0.000000000000000E+000
  0.000000000000000E+000
  0.000000000000000E+000
  0.000000000000000E+000
  0.000000000000000E+000
  0.000000000000000E+000
  0.000000000000000E+000
  0.000000000000000E+000
  0.000000000000000E+000
  0.000000000000000E+000
