           1
          11
 rho_tor
  0.100000000000000     
  0.000000000000000E+000  0.100000000000000       0.200000000000000     
  0.300000000000000       0.400000000000000       0.500000000000000     
  0.600000000000000       0.700000000000000       0.800000000000000     
  0.900000000000000        1.00000000000000     
   1.95680276189415        1.91688530149203        1.69945811066251     
   1.39347520769030        1.08603546650932       0.785629781785464     
  0.542330613271792       0.360041351847076       0.222079103560674     
  0.128870663965195       4.810693629609387E-002
   1.95680276189415        1.91688530149203        1.69945811066251     
   1.39347520769030        1.08603546650932       0.785629781785464     
  0.542330613271792       0.360041351847076       0.222079103560674     
  0.128870663965195       4.810693629609389E-002
   60550754461775.3        60195315314394.3        59692556211485.0     
   58675848107013.9        57200955179550.4        55449287037881.8     
   55275039832093.3        54359362643939.2        54874298816990.9     
   52302612430665.7        19025437697383.8     
  0.000000000000000E+000  0.000000000000000E+000  0.000000000000000E+000
  0.000000000000000E+000  0.000000000000000E+000  0.000000000000000E+000
  0.000000000000000E+000  0.000000000000000E+000  0.000000000000000E+000
  0.000000000000000E+000  0.000000000000000E+000
   1.50000000000000        1.50000000000000        1.50000000000000     
   1.50000000000000        1.50000000000000        1.50000000000000     
   1.50000000000000        1.50000000000000        1.50000000000000     
   1.50000000000000        1.50000000000000     
  0.000000000000000E+000
  0.000000000000000E+000
  0.000000000000000E+000
  0.000000000000000E+000
  0.000000000000000E+000
   1273850.69201524     
   1330733.71549432     
  0.000000000000000E+000
   1724266.33460092     
   1588770.00000000     
  0.000000000000000E+000
  0.000000000000000E+000
  0.000000000000000E+000
  0.000000000000000E+000
   1488473.11026596     
  0.000000000000000E+000
