           1
          11
 rho_tor
  0.100000000000000     
  0.000000000000000E+000  0.100000000000000       0.200000000000000     
  0.300000000000000       0.400000000000000       0.500000000000000     
  0.600000000000000       0.700000000000000       0.800000000000000     
  0.900000000000000        1.00000000000000     
   1.23694683734151        1.22169935759587        1.13466564843416     
  0.995023947526047       0.833943297376616       0.674379632405074     
  0.526397440399686       0.389575192255195       0.267698863298588     
  0.158484146440889       2.000000000000000E-002
   1.23694683734151        1.22169935759587        1.13466564843416     
  0.995023947526047       0.833943297376616       0.674379632405074     
  0.526397440399686       0.389575192255195       0.267698863298588     
  0.158484146440889       2.000000000000000E-002
   16585083487301.0        16263695116062.4        15787526712096.3     
   15061242059427.8        14623188897408.9        14589127491854.4     
   14114077470815.8        13333956380747.5        12562087155631.0     
   9602119546493.05        2739832435945.39     
  0.000000000000000E+000  0.000000000000000E+000  0.000000000000000E+000
  0.000000000000000E+000  0.000000000000000E+000  0.000000000000000E+000
  0.000000000000000E+000  0.000000000000000E+000  0.000000000000000E+000
  0.000000000000000E+000  0.000000000000000E+000
   1.50000000000000        1.50000000000000        1.50000000000000     
   1.50000000000000        1.50000000000000        1.50000000000000     
   1.50000000000000        1.50000000000000        1.50000000000000     
   1.50000000000000        1.50000000000000     
  0.000000000000000E+000
  0.000000000000000E+000
  0.000000000000000E+000
  0.000000000000000E+000
  0.000000000000000E+000
  0.000000000000000E+000
  0.000000000000000E+000
  0.000000000000000E+000
  0.000000000000000E+000
  0.000000000000000E+000
  0.000000000000000E+000
  0.000000000000000E+000
  0.000000000000000E+000
  0.000000000000000E+000
  0.000000000000000E+000
  0.000000000000000E+000
