           1
          11
 rho_tor
  0.100000000000000     
  0.000000000000000E+000  0.100000000000000       0.200000000000000     
  0.300000000000000       0.400000000000000       0.500000000000000     
  0.600000000000000       0.700000000000000       0.800000000000000     
  0.900000000000000        1.00000000000000     
   1.97428526835475        1.94913601272053        1.79732372496455     
   1.54468052345548        1.24570512753852       0.934473804311298     
  0.665409197534414       0.447872234801891       0.271310820536786     
  0.149215354978757       3.886168187199451E-002
   1.97428526835475        1.94913601272053        1.79732372496455     
   1.54468052345549        1.24570512753852       0.934473804311298     
  0.665409197534414       0.447872234801891       0.271310820536786     
  0.149215354978757       3.886168187199451E-002
   73196559466592.7        71668755338241.8        69447593775626.2     
   65160952958345.0        60533529842137.4        56683735875356.9     
   55133753256354.1        53523249789487.9        52663484963757.9     
   52404343147556.7        17498356653559.2     
  0.000000000000000E+000  0.000000000000000E+000  0.000000000000000E+000
  0.000000000000000E+000  0.000000000000000E+000  0.000000000000000E+000
  0.000000000000000E+000  0.000000000000000E+000  0.000000000000000E+000
  0.000000000000000E+000  0.000000000000000E+000
   1.50000000000000        1.50000000000000        1.50000000000000     
   1.50000000000000        1.50000000000000        1.50000000000000     
   1.50000000000000        1.50000000000000        1.50000000000000     
   1.50000000000000        1.50000000000000     
  0.000000000000000E+000
  0.000000000000000E+000
   1060556.97709925     
   1028528.93139310     
  0.000000000000000E+000
   1261663.69465633     
  0.000000000000000E+000
  0.000000000000000E+000
   1685393.31297690     
   1576496.33606849     
   1793061.74332031     
   1794200.15267157     
  0.000000000000000E+000
  0.000000000000000E+000
  0.000000000000000E+000
  0.000000000000000E+000
