           1
          11
 rho_tor
  0.100000000000000     
  0.000000000000000E+000  0.100000000000000       0.200000000000000     
  0.300000000000000       0.400000000000000       0.500000000000000     
  0.600000000000000       0.700000000000000       0.800000000000000     
  0.900000000000000        1.00000000000000     
   2.17294309945634        2.12308277651076        1.85216881759807     
   1.47904824494940        1.11830812648179       0.781353992975220     
  0.517860545582117       0.331819280849429       0.203984189068499     
  0.112642599487819       4.497197261075174E-002
   2.17294309945634        2.12308277651076        1.85216881759807     
   1.47904824494940        1.11830812648179       0.781353992975220     
  0.517860545582117       0.331819280849429       0.203984189068499     
  0.112642599487819       4.497197261075175E-002
   44501935999142.7        44109495462039.3        43294381474591.5     
   41610560696666.8        39667462019471.0        38285639181533.4     
   38016791456246.4        38320770661551.2        36764532441817.1     
   30605080076666.8        17044616654067.8     
  0.000000000000000E+000  0.000000000000000E+000  0.000000000000000E+000
  0.000000000000000E+000  0.000000000000000E+000  0.000000000000000E+000
  0.000000000000000E+000  0.000000000000000E+000  0.000000000000000E+000
  0.000000000000000E+000  0.000000000000000E+000
   1.50000000000000        1.50000000000000        1.50000000000000     
   1.50000000000000        1.50000000000000        1.50000000000000     
   1.50000000000000        1.50000000000000        1.50000000000000     
   1.50000000000000        1.50000000000000     
  0.000000000000000E+000
  0.000000000000000E+000
   1056589.41984737     
   1022574.01669850     
  0.000000000000000E+000
  0.000000000000000E+000
  0.000000000000000E+000
  0.000000000000000E+000
  0.000000000000000E+000
  0.000000000000000E+000
  0.000000000000000E+000
  0.000000000000000E+000
  0.000000000000000E+000
  0.000000000000000E+000
   1486386.19360674     
  0.000000000000000E+000
