           1
          11
 rho_tor
  0.100000000000000     
  0.000000000000000E+000  0.100000000000000       0.200000000000000     
  0.300000000000000       0.400000000000000       0.500000000000000     
  0.600000000000000       0.700000000000000       0.800000000000000     
  0.900000000000000        1.00000000000000     
   3.55623378804109        3.37532882322781        2.58880083754711     
   1.78995279351708        1.21094193619331       0.750326669045423     
  0.435060791816264       0.251130039733330       0.145461279358645     
  8.389345571387125E-002  3.793590175459333E-002
   3.55623378804109        3.37532882322781        2.58880083754711     
   1.78995279351708        1.21094193619331       0.750326669045423     
  0.435060791816264       0.251130039733330       0.145461279358645     
  8.389345571387125E-002  3.793590175459334E-002
   37712359891301.6        38258715248472.7        38972988047576.7     
   38996403834281.5        37213485270933.4        34940624262125.7     
   36028520221323.7        37635177654125.2        38487439393170.5     
   34535759215266.3        15053986657555.0     
  0.000000000000000E+000  0.000000000000000E+000  0.000000000000000E+000
  0.000000000000000E+000  0.000000000000000E+000  0.000000000000000E+000
  0.000000000000000E+000  0.000000000000000E+000  0.000000000000000E+000
  0.000000000000000E+000  0.000000000000000E+000
   1.50000000000000        1.50000000000000        1.50000000000000     
   1.50000000000000        1.50000000000000        1.50000000000000     
   1.50000000000000        1.50000000000000        1.50000000000000     
   1.50000000000000        1.50000000000000     
  0.000000000000000E+000
  0.000000000000000E+000
  0.000000000000000E+000
  0.000000000000000E+000
  0.000000000000000E+000
  0.000000000000000E+000
  0.000000000000000E+000
  0.000000000000000E+000
  0.000000000000000E+000
  0.000000000000000E+000
  0.000000000000000E+000
  0.000000000000000E+000
  0.000000000000000E+000
  0.000000000000000E+000
   114934.455129867     
  0.000000000000000E+000
