           1
          11
 rho_tor
  0.100000000000000     
  0.000000000000000E+000  0.100000000000000       0.200000000000000     
  0.300000000000000       0.400000000000000       0.500000000000000     
  0.600000000000000       0.700000000000000       0.800000000000000     
  0.900000000000000        1.00000000000000     
   1.48142612333883        1.46710262194926        1.37880669226350     
   1.20599946575599       0.970407671252142       0.724740314259825     
  0.504875580417605       0.328525442541657       0.200032389792841     
  0.108475405094053       2.964175484386617E-002
   1.48142612333883        1.46710262194926        1.37880669226350     
   1.20599946575599       0.970407671252142       0.724740314259825     
  0.504875580417605       0.328525442541657       0.200032389792841     
  0.108475405094053       2.964175484386617E-002
   30539166825331.0        30365003496943.6        30002813010547.9     
   29092322105274.3        27776196410783.8        26530755767560.8     
   26109617323857.3        26565934832167.7        26473510431417.5     
   22833258297576.9        9297220099281.06     
  0.000000000000000E+000  0.000000000000000E+000  0.000000000000000E+000
  0.000000000000000E+000  0.000000000000000E+000  0.000000000000000E+000
  0.000000000000000E+000  0.000000000000000E+000  0.000000000000000E+000
  0.000000000000000E+000  0.000000000000000E+000
   1.50000000000000        1.50000000000000        1.50000000000000     
   1.50000000000000        1.50000000000000        1.50000000000000     
   1.50000000000000        1.50000000000000        1.50000000000000     
   1.50000000000000        1.50000000000000     
  0.000000000000000E+000
  0.000000000000000E+000
  0.000000000000000E+000
  0.000000000000000E+000
  0.000000000000000E+000
  0.000000000000000E+000
  0.000000000000000E+000
  0.000000000000000E+000
  0.000000000000000E+000
  0.000000000000000E+000
  0.000000000000000E+000
  0.000000000000000E+000
  0.000000000000000E+000
  0.000000000000000E+000
  0.000000000000000E+000
  0.000000000000000E+000
