           1
          11
 rho_tor
  0.100000000000000     
  0.000000000000000E+000  0.100000000000000       0.200000000000000     
  0.300000000000000       0.400000000000000       0.500000000000000     
  0.600000000000000       0.700000000000000       0.800000000000000     
  0.900000000000000        1.00000000000000     
   1.96190259374580        1.92163222778884        1.71909998311075     
   1.43446193360313        1.13416792843989       0.823821971840197     
  0.559892911158146       0.357826928884560       0.205402045536224     
  0.105799502688184       2.133589443103402E-002
   1.96190259374580        1.92163222778884        1.71909998311076     
   1.43446193360313        1.13416792843989       0.823821971840197     
  0.559892911158146       0.357826928884560       0.205402045536224     
  0.105799502688184       2.133589443103402E-002
   65003526602905.1        64330970483231.5        63239092349884.2     
   60796020792263.6        57340440487967.1        53491222065149.8     
   52127702040548.6        51206026743958.5        52563519198363.7     
   52725482322453.5        18903321650349.0     
  0.000000000000000E+000  0.000000000000000E+000  0.000000000000000E+000
  0.000000000000000E+000  0.000000000000000E+000  0.000000000000000E+000
  0.000000000000000E+000  0.000000000000000E+000  0.000000000000000E+000
  0.000000000000000E+000  0.000000000000000E+000
   1.50000000000000        1.50000000000000        1.50000000000000     
   1.50000000000000        1.50000000000000        1.50000000000000     
   1.50000000000000        1.50000000000000        1.50000000000000     
   1.50000000000000        1.50000000000000     
  0.000000000000000E+000
  0.000000000000000E+000
  0.000000000000000E+000
  0.000000000000000E+000
  0.000000000000000E+000
   1271812.04093524     
   1330766.46288183     
  0.000000000000000E+000
   1726390.99236647     
   1590787.64895059     
  0.000000000000000E+000
  0.000000000000000E+000
  0.000000000000000E+000
  0.000000000000000E+000
   1492630.48855001     
  0.000000000000000E+000
