           1
          11
 rho_tor
  0.100000000000000     
  0.000000000000000E+000  0.100000000000000       0.200000000000000     
  0.300000000000000       0.400000000000000       0.500000000000000     
  0.600000000000000       0.700000000000000       0.800000000000000     
  0.900000000000000        1.00000000000000     
   1.95018438490034        1.91102563852608        1.71083158926685     
   1.42881740495185        1.13064056373126       0.825363816052656     
  0.570679690613646       0.374691498904628       0.221931059599947     
  0.117784432552335       3.034081174237564E-002
   1.95018438490034        1.91102563852608        1.71083158926685     
   1.42881740495185        1.13064056373126       0.825363816052656     
  0.570679690613646       0.374691498904628       0.221931059599947     
  0.117784432552335       3.034081174237565E-002
   66062683445571.0        65011861542449.9        63224380827983.7     
   59773004299566.7        55996502989337.6        53016242767927.1     
   51863203837753.0        49611559179542.7        48565816123353.0     
   46649815599428.6        17540291215664.6     
  0.000000000000000E+000  0.000000000000000E+000  0.000000000000000E+000
  0.000000000000000E+000  0.000000000000000E+000  0.000000000000000E+000
  0.000000000000000E+000  0.000000000000000E+000  0.000000000000000E+000
  0.000000000000000E+000  0.000000000000000E+000
   1.50000000000000        1.50000000000000        1.50000000000000     
   1.50000000000000        1.50000000000000        1.50000000000000     
   1.50000000000000        1.50000000000000        1.50000000000000     
   1.50000000000000        1.50000000000000     
  0.000000000000000E+000
  0.000000000000000E+000
  0.000000000000000E+000
  0.000000000000000E+000
  0.000000000000000E+000
   1273850.69201524     
   1328760.00000000     
  0.000000000000000E+000
   1726333.18631196     
   1588766.85190115     
  0.000000000000000E+000
  0.000000000000000E+000
  0.000000000000000E+000
  0.000000000000000E+000
   1490533.79001885     
  0.000000000000000E+000
