           1
          11
 rho_tor
  0.100000000000000     
  0.000000000000000E+000  0.100000000000000       0.200000000000000     
  0.300000000000000       0.400000000000000       0.500000000000000     
  0.600000000000000       0.700000000000000       0.800000000000000     
  0.900000000000000        1.00000000000000     
   1.97215330708830        1.93322458020725        1.73823980800096     
   1.45988892681568        1.15763224696466       0.846287206606626     
  0.585266521885701       0.385394092053866       0.229972890522927     
  0.123729087760998       2.442297730666192E-002
   1.97215330708830        1.93322458020725        1.73823980800096     
   1.45988892681568        1.15763224696466       0.846287206606626     
  0.585266521885701       0.385394092053866       0.229972890522927     
  0.123729087760998       2.442297730666193E-002
   63786935329758.6        62970524518570.6        61651164526525.9     
   58895247172564.5        55403654305384.4        51966586610574.7     
   50827363611959.2        49106400174469.4        48035706781926.6     
   45719128275842.5        14159654805245.8     
  0.000000000000000E+000  0.000000000000000E+000  0.000000000000000E+000
  0.000000000000000E+000  0.000000000000000E+000  0.000000000000000E+000
  0.000000000000000E+000  0.000000000000000E+000  0.000000000000000E+000
  0.000000000000000E+000  0.000000000000000E+000
   1.50000000000000        1.50000000000000        1.50000000000000     
   1.50000000000000        1.50000000000000        1.50000000000000     
   1.50000000000000        1.50000000000000        1.50000000000000     
   1.50000000000000        1.50000000000000     
  0.000000000000000E+000
  0.000000000000000E+000
  0.000000000000000E+000
  0.000000000000000E+000
  0.000000000000000E+000
   1267740.00000000     
   1328760.00000000     
  0.000000000000000E+000
   1720239.59551534     
   1586698.54475191     
  0.000000000000000E+000
  0.000000000000000E+000
  0.000000000000000E+000
  0.000000000000000E+000
   1476121.39694645     
  0.000000000000000E+000
