           1
          11
 rho_tor
  0.100000000000000     
  0.000000000000000E+000  0.100000000000000       0.200000000000000     
  0.300000000000000       0.400000000000000       0.500000000000000     
  0.600000000000000       0.700000000000000       0.800000000000000     
  0.900000000000000        1.00000000000000     
   1.97786007448638        1.93880971674005        1.74221625712160     
   1.46450103840341        1.16868332576028       0.866078104997782     
  0.610683527478292       0.414539996578748       0.264921162940934     
  0.152866191775845       5.108929650389412E-002
   1.97786007448638        1.93880971674005        1.74221625712160     
   1.46450103840341        1.16868332576028       0.866078104997782     
  0.610683527478292       0.414539996578748       0.264921162940934     
  0.152866191775845       5.108929650389413E-002
   63142737120811.2        62309226104918.6        60892271715699.5     
   57986783462204.6        54445799739694.0        51020513169488.0     
   48961145658248.9        47711932963934.2        45655990063229.8     
   37341680084360.3        15059109330682.2     
  0.000000000000000E+000  0.000000000000000E+000  0.000000000000000E+000
  0.000000000000000E+000  0.000000000000000E+000  0.000000000000000E+000
  0.000000000000000E+000  0.000000000000000E+000  0.000000000000000E+000
  0.000000000000000E+000  0.000000000000000E+000
   1.50000000000000        1.50000000000000        1.50000000000000     
   1.50000000000000        1.50000000000000        1.50000000000000     
   1.50000000000000        1.50000000000000        1.50000000000000     
   1.50000000000000        1.50000000000000     
  0.000000000000000E+000
  0.000000000000000E+000
  0.000000000000000E+000
  0.000000000000000E+000
  0.000000000000000E+000
   1271785.45314887     
   1328760.00000000     
  0.000000000000000E+000
   1726353.34351155     
   1588768.41994275     
  0.000000000000000E+000
  0.000000000000000E+000
  0.000000000000000E+000
  0.000000000000000E+000
   1492577.24427474     
  0.000000000000000E+000
