           1
          11
 rho_tor
  0.100000000000000     
  0.000000000000000E+000  0.100000000000000       0.200000000000000     
  0.300000000000000       0.400000000000000       0.500000000000000     
  0.600000000000000       0.700000000000000       0.800000000000000     
  0.900000000000000        1.00000000000000     
   1.98615044038407        1.94756268120154        1.75279763771428     
   1.47431619182797        1.17590498680184       0.875892409484065     
  0.625680369542346       0.427676198401229       0.267738385000703     
  0.151211859569191       2.585472093791271E-002
   1.98615044038406        1.94756268120153        1.75279763771429     
   1.47431619182797        1.17590498680184       0.875892409484065     
  0.625680369542346       0.427676198401229       0.267738385000703     
  0.151211859569191       2.585472093791272E-002
   64642883050972.1        63567045993499.3        61827086473059.0     
   58735456022402.9        55773897290005.6        53460413969889.5     
   51047311793212.2        47055551535352.5        44176808051003.6     
   38052554950651.1        10265238562810.4     
  0.000000000000000E+000  0.000000000000000E+000  0.000000000000000E+000
  0.000000000000000E+000  0.000000000000000E+000  0.000000000000000E+000
  0.000000000000000E+000  0.000000000000000E+000  0.000000000000000E+000
  0.000000000000000E+000  0.000000000000000E+000
   1.50000000000000        1.50000000000000        1.50000000000000     
   1.50000000000000        1.50000000000000        1.50000000000000     
   1.50000000000000        1.50000000000000        1.50000000000000     
   1.50000000000000        1.50000000000000     
  0.000000000000000E+000
  0.000000000000000E+000
  0.000000000000000E+000
  0.000000000000000E+000
  0.000000000000000E+000
   1271810.46078256     
   1330764.88272915     
  0.000000000000000E+000
   1726390.99236647     
   1588806.00000020     
  0.000000000000000E+000
  0.000000000000000E+000
  0.000000000000000E+000
  0.000000000000000E+000
   1486422.26230956     
  0.000000000000000E+000
