           1
          11
 rho_tor
  0.100000000000000     
  0.000000000000000E+000  0.100000000000000       0.200000000000000     
  0.300000000000000       0.400000000000000       0.500000000000000     
  0.600000000000000       0.700000000000000       0.800000000000000     
  0.900000000000000        1.00000000000000     
   2.23473566610174        2.17994283631323        1.89056114840526     
   1.50486872631886        1.13833815706384       0.792747129548711     
  0.521696594894887       0.332867352345228       0.204206088522926     
  0.111788830625894       3.978120507611568E-002
   2.23473566610174        2.17994283631323        1.89056114840526     
   1.50486872631886        1.13833815706384       0.792747129548711     
  0.521696594894887       0.332867352345228       0.204206088522926     
  0.111788830625894       3.978120507611569E-002
   42332303019883.2        42126818983621.5        41677590830597.8     
   40534992339494.0        38808476031433.1        37201117497873.0     
   37060421464329.8        37669677905301.4        36222998348698.6     
   29524583291374.2        15110171666538.2     
  0.000000000000000E+000  0.000000000000000E+000  0.000000000000000E+000
  0.000000000000000E+000  0.000000000000000E+000  0.000000000000000E+000
  0.000000000000000E+000  0.000000000000000E+000  0.000000000000000E+000
  0.000000000000000E+000  0.000000000000000E+000
   1.50000000000000        1.50000000000000        1.50000000000000     
   1.50000000000000        1.50000000000000        1.50000000000000     
   1.50000000000000        1.50000000000000        1.50000000000000     
   1.50000000000000        1.50000000000000     
  0.000000000000000E+000
  0.000000000000000E+000
  0.000000000000000E+000
  0.000000000000000E+000
  0.000000000000000E+000
   1269830.14227111     
   1330758.63072530     
  0.000000000000000E+000
  0.000000000000000E+000
  0.000000000000000E+000
  0.000000000000000E+000
  0.000000000000000E+000
  0.000000000000000E+000
  0.000000000000000E+000
   1472102.78139348     
  0.000000000000000E+000
