           1
          11
 rho_tor
  0.100000000000000     
  0.000000000000000E+000  0.100000000000000       0.200000000000000     
  0.300000000000000       0.400000000000000       0.500000000000000     
  0.600000000000000       0.700000000000000       0.800000000000000     
  0.900000000000000        1.00000000000000     
   1.97943003491316        1.94081516558177        1.74759916527974     
   1.47172978782994        1.17057384999641       0.857509852085402     
  0.592744516017278       0.392298424450658       0.241485317595695     
  0.132786376898179       3.483593884543829E-002
   1.97943003491316        1.94081516558177        1.74759916527974     
   1.47172978782994        1.17057384999641       0.857509852085402     
  0.592744516017278       0.392298424450658       0.241485317595695     
  0.132786376898179       3.483593884543830E-002
   64585283893390.2        63630666736898.7        62057105458828.6     
   58781279287443.7        54750399139145.4        51111905226457.2     
   50267872361022.6        50443606378967.5        49634546634216.1     
   43380969844684.3        16057922247616.7     
  0.000000000000000E+000  0.000000000000000E+000  0.000000000000000E+000
  0.000000000000000E+000  0.000000000000000E+000  0.000000000000000E+000
  0.000000000000000E+000  0.000000000000000E+000  0.000000000000000E+000
  0.000000000000000E+000  0.000000000000000E+000
   1.50000000000000        1.50000000000000        1.50000000000000     
   1.50000000000000        1.50000000000000        1.50000000000000     
   1.50000000000000        1.50000000000000        1.50000000000000     
   1.50000000000000        1.50000000000000     
  0.000000000000000E+000
  0.000000000000000E+000
  0.000000000000000E+000
  0.000000000000000E+000
  0.000000000000000E+000
   1269831.72242379     
   1328786.51908412     
  0.000000000000000E+000
   1720274.08396954     
   1584666.06870249     
  0.000000000000000E+000
  0.000000000000000E+000
  0.000000000000000E+000
  0.000000000000000E+000
   1484445.22910347     
  0.000000000000000E+000
