           1
          11
 rho_tor
  0.100000000000000     
  0.000000000000000E+000  0.100000000000000       0.200000000000000     
  0.300000000000000       0.400000000000000       0.500000000000000     
  0.600000000000000       0.700000000000000       0.800000000000000     
  0.900000000000000        1.00000000000000     
   1.94125367288331        1.90144607602812        1.69530337189411     
   1.40734377772455        1.10918083989287       0.806629508404371     
  0.554005158622465       0.361559906017393       0.215578003243167     
  0.113102479283224       2.310055606540090E-002
   1.94125367288331        1.90144607602812        1.69530337189411     
   1.40734377772455        1.10918083989287       0.806629508404371     
  0.554005158622465       0.361559906017393       0.215578003243167     
  0.113102479283224       2.310055606540090E-002
   63916798585045.2        63305307509124.1        62246466360149.8     
   60007010303730.9        57117665353231.7        54249368704059.6     
   53084152907286.6        52009323934431.2        51682851635813.1     
   46838795684491.8        17455508296791.8     
  0.000000000000000E+000  0.000000000000000E+000  0.000000000000000E+000
  0.000000000000000E+000  0.000000000000000E+000  0.000000000000000E+000
  0.000000000000000E+000  0.000000000000000E+000  0.000000000000000E+000
  0.000000000000000E+000  0.000000000000000E+000
   1.50000000000000        1.50000000000000        1.50000000000000     
   1.50000000000000        1.50000000000000        1.50000000000000     
   1.50000000000000        1.50000000000000        1.50000000000000     
   1.50000000000000        1.50000000000000     
  0.000000000000000E+000
  0.000000000000000E+000
  0.000000000000000E+000
  0.000000000000000E+000
  0.000000000000000E+000
   1273855.32824429     
   1332805.20333971     
  0.000000000000000E+000
   1726354.92375964     
   1588768.41994275     
  0.000000000000000E+000
  0.000000000000000E+000
  0.000000000000000E+000
  0.000000000000000E+000
   1486370.52948466     
  0.000000000000000E+000
