           1
          11
 rho_tor
  0.100000000000000     
  0.000000000000000E+000  0.100000000000000       0.200000000000000     
  0.300000000000000       0.400000000000000       0.500000000000000     
  0.600000000000000       0.700000000000000       0.800000000000000     
  0.900000000000000        1.00000000000000     
   3.88581803831139        3.67359207035753        2.77190870820398     
   1.87714541839035        1.24607189761544       0.762044827914048     
  0.436185075141680       0.245534181720981       0.137659278295549     
  7.455530776635035E-002  2.583771874566285E-002
   3.88581803831139        3.67359207035753        2.77190870820398     
   1.87714541839035        1.24607189761544       0.762044827914048     
  0.436185075141680       0.245534181720981       0.137659278295549     
  7.455530776635035E-002  2.583771874566285E-002
   36705744027595.0        36917046964205.8        37108630793367.0     
   36654240449846.9        35061819568876.1        33255970036524.7     
   33604589440340.2        34886655197940.4        35630681235812.8     
   30630605113617.6        12706887121683.6     
  0.000000000000000E+000  0.000000000000000E+000  0.000000000000000E+000
  0.000000000000000E+000  0.000000000000000E+000  0.000000000000000E+000
  0.000000000000000E+000  0.000000000000000E+000  0.000000000000000E+000
  0.000000000000000E+000  0.000000000000000E+000
   1.50000000000000        1.50000000000000        1.50000000000000     
   1.50000000000000        1.50000000000000        1.50000000000000     
   1.50000000000000        1.50000000000000        1.50000000000000     
   1.50000000000000        1.50000000000000     
  0.000000000000000E+000
  0.000000000000000E+000
  0.000000000000000E+000
  0.000000000000000E+000
  0.000000000000000E+000
  0.000000000000000E+000
  0.000000000000000E+000
  0.000000000000000E+000
  0.000000000000000E+000
  0.000000000000000E+000
  0.000000000000000E+000
  0.000000000000000E+000
  0.000000000000000E+000
  0.000000000000000E+000
  0.000000000000000E+000
  0.000000000000000E+000
