           1
          11
 rho_tor
  0.100000000000000     
  0.000000000000000E+000  0.100000000000000       0.200000000000000     
  0.300000000000000       0.400000000000000       0.500000000000000     
  0.600000000000000       0.700000000000000       0.800000000000000     
  0.900000000000000        1.00000000000000     
   3.70362780316747        3.50684907625433        2.66009611253952     
   1.81404061484398        1.21410265195348       0.745628185016653     
  0.430482989968203       0.248821604844701       0.143968846767795     
  8.254798620621087E-002  3.661655555758213E-002
   3.70362780316747        3.50684907625433        2.66009611253952     
   1.81404061484398        1.21410265195348       0.745628185016653     
  0.430482989968203       0.248821604844701       0.143968846767795     
  8.254798620621087E-002  3.661655555758214E-002
   37350911513001.0        37905416068687.2        38674540585367.9     
   38825816078355.7        37111519926438.7        34703955165119.1     
   35628917737235.1        36304522816341.3        35683775214039.9     
   31393971624895.8        13525177671287.2     
  0.000000000000000E+000  0.000000000000000E+000  0.000000000000000E+000
  0.000000000000000E+000  0.000000000000000E+000  0.000000000000000E+000
  0.000000000000000E+000  0.000000000000000E+000  0.000000000000000E+000
  0.000000000000000E+000  0.000000000000000E+000
   1.50000000000000        1.50000000000000        1.50000000000000     
   1.50000000000000        1.50000000000000        1.50000000000000     
   1.50000000000000        1.50000000000000        1.50000000000000     
   1.50000000000000        1.50000000000000     
  0.000000000000000E+000
  0.000000000000000E+000
  0.000000000000000E+000
  0.000000000000000E+000
  0.000000000000000E+000
  0.000000000000000E+000
  0.000000000000000E+000
  0.000000000000000E+000
  0.000000000000000E+000
  0.000000000000000E+000
  0.000000000000000E+000
  0.000000000000000E+000
  0.000000000000000E+000
  0.000000000000000E+000
   767460.302681286     
  0.000000000000000E+000
