           1
          11
 rho_tor
  0.100000000000000     
  0.000000000000000E+000  0.100000000000000       0.200000000000000     
  0.300000000000000       0.400000000000000       0.500000000000000     
  0.600000000000000       0.700000000000000       0.800000000000000     
  0.900000000000000        1.00000000000000     
   2.28193930624604        2.22594602531244        1.93059358021590     
   1.53632750920453        1.16163825180616       0.809369845449648     
  0.533120751267741       0.339489513632310       0.207521107964029     
  0.115989741913467       4.411062791366761E-002
   2.28193930624604        2.22594602531244        1.93059358021590     
   1.53632750920453        1.16163825180616       0.809369845449648     
  0.533120751267741       0.339489513632310       0.207521107964029     
  0.115989741913467       4.411062791366762E-002
   41399405344872.1        41206620109059.6        40760150964902.2     
   39615690723438.7        37963303349427.2        36463660574460.6     
   36191664712053.9        36461712059416.1        35602233353228.6     
   30089328377372.7        14468513980216.0     
  0.000000000000000E+000  0.000000000000000E+000  0.000000000000000E+000
  0.000000000000000E+000  0.000000000000000E+000  0.000000000000000E+000
  0.000000000000000E+000  0.000000000000000E+000  0.000000000000000E+000
  0.000000000000000E+000  0.000000000000000E+000
   1.50000000000000        1.50000000000000        1.50000000000000     
   1.50000000000000        1.50000000000000        1.50000000000000     
   1.50000000000000        1.50000000000000        1.50000000000000     
   1.50000000000000        1.50000000000000     
  0.000000000000000E+000
  0.000000000000000E+000
  0.000000000000000E+000
  0.000000000000000E+000
  0.000000000000000E+000
   1273860.00000000     
   1334880.00000000     
  0.000000000000000E+000
  0.000000000000000E+000
  0.000000000000000E+000
  0.000000000000000E+000
  0.000000000000000E+000
  0.000000000000000E+000
  0.000000000000000E+000
   1478160.00000000     
  0.000000000000000E+000
