           1
          11
 rho_tor
  0.100000000000000     
  0.000000000000000E+000  0.100000000000000       0.200000000000000     
  0.300000000000000       0.400000000000000       0.500000000000000     
  0.600000000000000       0.700000000000000       0.800000000000000     
  0.900000000000000        1.00000000000000     
   1.09424159657487        1.09284453122747        1.17015104632452     
   1.50479213217627        1.65808292034548       0.905826760556266     
  0.673549737388988       0.443712902741096       0.278217390300436     
  0.141090008743676       1.703300103528246E-002
   1.09424159657487        1.09284453122747        1.17015104632452     
   1.50479213217627        1.65808292034548       0.905826760556266     
  0.673549737388988       0.443712902741096       0.278217390300436     
  0.141090008743676       1.703300103528246E-002
   79431412480871.2        76848496924033.5        73309106191814.9     
   66653556868497.6        60574480639264.2        56997035875027.8     
   55581827366465.7        53356100089979.5        51159564337600.5     
   50030026379259.4        15516661723958.7     
  0.000000000000000E+000  0.000000000000000E+000  0.000000000000000E+000
  0.000000000000000E+000  0.000000000000000E+000  0.000000000000000E+000
  0.000000000000000E+000  0.000000000000000E+000  0.000000000000000E+000
  0.000000000000000E+000  0.000000000000000E+000
   1.50000000000000        1.50000000000000        1.50000000000000     
   1.50000000000000        1.50000000000000        1.50000000000000     
   1.50000000000000        1.50000000000000        1.50000000000000     
   1.50000000000000        1.50000000000000     
  0.000000000000000E+000
  0.000000000000000E+000
   1060560.00000000     
   1028520.00000000     
  0.000000000000000E+000
   1259550.00000000     
  0.000000000000000E+000
  0.000000000000000E+000
   1683270.00000000     
   1576440.00000000     
   1799190.00000000     
   1794150.00000000     
  0.000000000000000E+000
  0.000000000000000E+000
  0.000000000000000E+000
  0.000000000000000E+000
