           1
          11
 rho_tor
  0.100000000000000     
  0.000000000000000E+000  0.100000000000000       0.200000000000000     
  0.300000000000000       0.400000000000000       0.500000000000000     
  0.600000000000000       0.700000000000000       0.800000000000000     
  0.900000000000000        1.00000000000000     
   1.25628565658325        1.24154576835670        1.15571143486193     
   1.01494240121414       0.849399572807544       0.684730027989576     
  0.530289603006223       0.382916218919491       0.252471442127413     
  0.150828275972917       2.000000000000000E-002
   1.25628565658325        1.24154576835670        1.15571143486193     
   1.01494240121414       0.849399572807544       0.684730027989576     
  0.530289603006223       0.382916218919491       0.252471442127413     
  0.150828275972917       2.000000000000000E-002
   18104172412203.6        17715985466007.3        17147407159867.9     
   16298878207858.1        15900635767198.8        16084754970429.9     
   15469586928184.5        14280089237145.3        13987792789279.8     
   12288658074915.5        2369914881242.45     
  0.000000000000000E+000  0.000000000000000E+000  0.000000000000000E+000
  0.000000000000000E+000  0.000000000000000E+000  0.000000000000000E+000
  0.000000000000000E+000  0.000000000000000E+000  0.000000000000000E+000
  0.000000000000000E+000  0.000000000000000E+000
   1.50000000000000        1.50000000000000        1.50000000000000     
   1.50000000000000        1.50000000000000        1.50000000000000     
   1.50000000000000        1.50000000000000        1.50000000000000     
   1.50000000000000        1.50000000000000     
  0.000000000000000E+000
  0.000000000000000E+000
  0.000000000000000E+000
  0.000000000000000E+000
  0.000000000000000E+000
  0.000000000000000E+000
  0.000000000000000E+000
  0.000000000000000E+000
  0.000000000000000E+000
  0.000000000000000E+000
  0.000000000000000E+000
  0.000000000000000E+000
  0.000000000000000E+000
  0.000000000000000E+000
  0.000000000000000E+000
  0.000000000000000E+000
