           1
          11
 rho_tor
  0.100000000000000     
  0.000000000000000E+000  0.100000000000000       0.200000000000000     
  0.300000000000000       0.400000000000000       0.500000000000000     
  0.600000000000000       0.700000000000000       0.800000000000000     
  0.900000000000000        1.00000000000000     
   1.49703913139821        1.48266449102088        1.39302806744849     
   1.21637792014853       0.974247314194389       0.722063759572602     
  0.498788431939446       0.323247900169677       0.196374560427266     
  0.104432900555889       2.868182787503274E-002
   1.49703913139821        1.48266449102088        1.39302806744849     
   1.21637792014853       0.974247314194389       0.722063759572602     
  0.498788431939446       0.323247900169677       0.196374560427266     
  0.104432900555889       2.868182787503275E-002
   30843038715374.6        30657405664936.1        30259120336869.8     
   29247023188125.2        27821361738599.4        26622429138624.9     
   26542751366016.1        27274026879938.4        26842709863415.6     
   22726849973642.8        10580906025862.1     
  0.000000000000000E+000  0.000000000000000E+000  0.000000000000000E+000
  0.000000000000000E+000  0.000000000000000E+000  0.000000000000000E+000
  0.000000000000000E+000  0.000000000000000E+000  0.000000000000000E+000
  0.000000000000000E+000  0.000000000000000E+000
   1.50000000000000        1.50000000000000        1.50000000000000     
   1.50000000000000        1.50000000000000        1.50000000000000     
   1.50000000000000        1.50000000000000        1.50000000000000     
   1.50000000000000        1.50000000000000     
  0.000000000000000E+000
  0.000000000000000E+000
  0.000000000000000E+000
  0.000000000000000E+000
  0.000000000000000E+000
  0.000000000000000E+000
  0.000000000000000E+000
  0.000000000000000E+000
  0.000000000000000E+000
  0.000000000000000E+000
  0.000000000000000E+000
  0.000000000000000E+000
  0.000000000000000E+000
  0.000000000000000E+000
  0.000000000000000E+000
  0.000000000000000E+000
