           1
          11
 rho_tor
  0.000000000000000E+000
  0.000000000000000E+000  0.100000000000000       0.200000000000000     
  0.300000000000000       0.400000000000000       0.500000000000000     
  0.600000000000000       0.700000000000000       0.800000000000000     
  0.900000000000000        1.00000000000000     
  0.816080522544053       0.790302989596293       0.705163127427389     
  0.618254663642085       0.494214540864559       0.388248791798460     
  0.298927971467547       0.218235297803388       0.152472308538197     
  9.594373787478730E-002  2.000000000000000E-002
  0.816080522544053       0.790302989596293       0.705163127427390     
  0.618254663642085       0.494214540864559       0.388248791798460     
  0.298927971467547       0.218235297803388       0.152472308538197     
  9.594373787478730E-002  2.000000000000000E-002
   19783390744174.2        18789167847078.9        17144424846687.4     
   14796663575397.0        13219085661710.2        12394471687630.8     
   10107253604273.7        7959447289953.83        7129585745775.51     
   5006895014989.71        1157540329468.95     
  0.000000000000000E+000  0.000000000000000E+000  0.000000000000000E+000
  0.000000000000000E+000  0.000000000000000E+000  0.000000000000000E+000
  0.000000000000000E+000  0.000000000000000E+000  0.000000000000000E+000
  0.000000000000000E+000  0.000000000000000E+000
   1.50000000000000        1.50000000000000        1.50000000000000     
   1.50000000000000        1.50000000000000        1.50000000000000     
   1.50000000000000        1.50000000000000        1.50000000000000     
   1.50000000000000        1.50000000000000     
  0.000000000000000E+000
  0.000000000000000E+000
  0.000000000000000E+000
  0.000000000000000E+000
  0.000000000000000E+000
  0.000000000000000E+000
  0.000000000000000E+000
  0.000000000000000E+000
  0.000000000000000E+000
  0.000000000000000E+000
  0.000000000000000E+000
  0.000000000000000E+000
  0.000000000000000E+000
  0.000000000000000E+000
  0.000000000000000E+000
  0.000000000000000E+000
