           1
          11
 rho_tor
  0.100000000000000     
  0.000000000000000E+000  0.100000000000000       0.200000000000000     
  0.300000000000000       0.400000000000000       0.500000000000000     
  0.600000000000000       0.700000000000000       0.800000000000000     
  0.900000000000000        1.00000000000000     
   1.14340241980397        1.12906315955218        1.05651219757569     
  0.941560786159374       0.799317101325651       0.654650912881573     
  0.520902471574008       0.396790605321778       0.289218781754512     
  0.197199450391196       2.000000000000000E-002
   1.14340241980397        1.12906315955218        1.05651219757569     
  0.941560786159374       0.799317101325651       0.654650912881573     
  0.520902471574008       0.396790605321778       0.289218781754512     
  0.197199450391196       2.000000000000000E-002
   10576111720008.5        10006535291457.7        9239378918120.90     
   8003219309592.82        7064338475863.79        6563741840867.12     
   6202539279000.50        5727474594962.01        5271339807132.66     
   4079802781399.35        262521214738.012     
  0.000000000000000E+000  0.000000000000000E+000  0.000000000000000E+000
  0.000000000000000E+000  0.000000000000000E+000  0.000000000000000E+000
  0.000000000000000E+000  0.000000000000000E+000  0.000000000000000E+000
  0.000000000000000E+000  0.000000000000000E+000
   1.50000000000000        1.50000000000000        1.50000000000000     
   1.50000000000000        1.50000000000000        1.50000000000000     
   1.50000000000000        1.50000000000000        1.50000000000000     
   1.50000000000000        1.50000000000000     
  0.000000000000000E+000
  0.000000000000000E+000
  0.000000000000000E+000
  0.000000000000000E+000
  0.000000000000000E+000
  0.000000000000000E+000
  0.000000000000000E+000
  0.000000000000000E+000
  0.000000000000000E+000
  0.000000000000000E+000
  0.000000000000000E+000
  0.000000000000000E+000
  0.000000000000000E+000
  0.000000000000000E+000
  0.000000000000000E+000
  0.000000000000000E+000
