           1
          11
 rho_tor
  0.100000000000000     
  0.000000000000000E+000  0.100000000000000       0.200000000000000     
  0.300000000000000       0.400000000000000       0.500000000000000     
  0.600000000000000       0.700000000000000       0.800000000000000     
  0.900000000000000        1.00000000000000     
   1.93158719422996        1.90682083552576        1.75817704434183     
   1.51218063502902        1.22220611445703       0.922542899023823     
  0.665041807774558       0.456029220217603       0.283076932786313     
  0.162119239993769       3.236047086024729E-002
   1.93158719422996        1.90682083552576        1.75817704434183     
   1.51218063502902        1.22220611445703       0.922542899023823     
  0.665041807774558       0.456029220217603       0.283076932786313     
  0.162119239993769       3.236047086024730E-002
   75550144241949.3        73891322322340.4        71509688632940.2     
   66742395922436.4        61608062194684.1        57449523344823.6     
   55342090933248.4        52990180598656.9        51489361476107.0     
   50258232604318.0        12120373820178.5     
  0.000000000000000E+000  0.000000000000000E+000  0.000000000000000E+000
  0.000000000000000E+000  0.000000000000000E+000  0.000000000000000E+000
  0.000000000000000E+000  0.000000000000000E+000  0.000000000000000E+000
  0.000000000000000E+000  0.000000000000000E+000
   1.50000000000000        1.50000000000000        1.50000000000000     
   1.50000000000000        1.50000000000000        1.50000000000000     
   1.50000000000000        1.50000000000000        1.50000000000000     
   1.50000000000000        1.50000000000000     
  0.000000000000000E+000
  0.000000000000000E+000
   1058607.06870244     
   1028531.95419854     
  0.000000000000000E+000
   1257492.50381686     
  0.000000000000000E+000
  0.000000000000000E+000
   1683320.15267204     
   1574385.66412223     
   1797104.33587777     
   1794196.99236667     
  0.000000000000000E+000
  0.000000000000000E+000
  0.000000000000000E+000
  0.000000000000000E+000
