           1
          11
 rho_tor
  0.100000000000000     
  0.000000000000000E+000  0.100000000000000       0.200000000000000     
  0.300000000000000       0.400000000000000       0.500000000000000     
  0.600000000000000       0.700000000000000       0.800000000000000     
  0.900000000000000        1.00000000000000     
   1.95662007141604        1.91775113222882        1.71885433184575     
   1.43411843215587        1.13016373170794       0.818339253399513     
  0.558998349223975       0.362992619699289       0.213413860746546     
  0.112264836922949       2.096927816034044E-002
   1.95662007141604        1.91775113222882        1.71885433184575     
   1.43411843215587        1.13016373170794       0.818339253399513     
  0.558998349223975       0.362992619699289       0.213413860746546     
  0.112264836922949       2.096927816034044E-002
   66058744085680.4        64947000273412.9        63150044883590.1     
   59756582847572.8        56036834711043.4        53124230868668.7     
   52878203285197.4        51834139460750.2        51530106255701.3     
   49022939000890.8        15884363594800.2     
  0.000000000000000E+000  0.000000000000000E+000  0.000000000000000E+000
  0.000000000000000E+000  0.000000000000000E+000  0.000000000000000E+000
  0.000000000000000E+000  0.000000000000000E+000  0.000000000000000E+000
  0.000000000000000E+000  0.000000000000000E+000
   1.50000000000000        1.50000000000000        1.50000000000000     
   1.50000000000000        1.50000000000000        1.50000000000000     
   1.50000000000000        1.50000000000000        1.50000000000000     
   1.50000000000000        1.50000000000000     
  0.000000000000000E+000
  0.000000000000000E+000
  0.000000000000000E+000
  0.000000000000000E+000
  0.000000000000000E+000
   1271790.12500000     
   1330739.87500000     
  0.000000000000000E+000
   1724310.00000000     
   1588770.00000000     
  0.000000000000000E+000
  0.000000000000000E+000
  0.000000000000000E+000
  0.000000000000000E+000
   1490490.12500000     
  0.000000000000000E+000
