           1
          11
 rho_tor
  0.100000000000000     
  0.000000000000000E+000  0.100000000000000       0.200000000000000     
  0.300000000000000       0.400000000000000       0.500000000000000     
  0.600000000000000       0.700000000000000       0.800000000000000     
  0.900000000000000        1.00000000000000     
   3.92798506622236        3.70866342446675        2.77588906402476     
   1.86652862140309        1.24320451658807       0.768982115875345     
  0.451006392752975       0.260886016164377       0.147888443121302     
  7.774663236798855E-002  2.000000000000000E-002
   3.92798506622236        3.70866342446674        2.77588906402476     
   1.86652862140309        1.24320451658807       0.768982115875345     
  0.451006392752975       0.260886016164377       0.147888443121302     
  7.774663236798855E-002  2.000000000000000E-002
   36102940784274.5        36684382392108.2        37466916876466.3     
   37667001249990.5        36180459964859.5        34016075833648.7     
   34158922751512.2        34231758480977.2        33062517307221.5     
   27100186979535.7        10969930828849.3     
  0.000000000000000E+000  0.000000000000000E+000  0.000000000000000E+000
  0.000000000000000E+000  0.000000000000000E+000  0.000000000000000E+000
  0.000000000000000E+000  0.000000000000000E+000  0.000000000000000E+000
  0.000000000000000E+000  0.000000000000000E+000
   1.50000000000000        1.50000000000000        1.50000000000000     
   1.50000000000000        1.50000000000000        1.50000000000000     
   1.50000000000000        1.50000000000000        1.50000000000000     
   1.50000000000000        1.50000000000000     
  0.000000000000000E+000
  0.000000000000000E+000
  0.000000000000000E+000
  0.000000000000000E+000
  0.000000000000000E+000
  0.000000000000000E+000
  0.000000000000000E+000
  0.000000000000000E+000
  0.000000000000000E+000
  0.000000000000000E+000
  0.000000000000000E+000
  0.000000000000000E+000
  0.000000000000000E+000
  0.000000000000000E+000
  0.000000000000000E+000
  0.000000000000000E+000
