           1
          11
 rho_tor
  0.100000000000000     
  0.000000000000000E+000  0.100000000000000       0.200000000000000     
  0.300000000000000       0.400000000000000       0.500000000000000     
  0.600000000000000       0.700000000000000       0.800000000000000     
  0.900000000000000        1.00000000000000     
   1.97253727033763        1.93374015915765        1.73893389523886     
   1.46042510334617        1.15982795090811       0.853374088559543     
  0.598263541378102       0.405075635465032       0.256861043382590     
  0.146010902584487       4.411960614478388E-002
   1.97253727033763        1.93374015915765        1.73893389523886     
   1.46042510334617        1.15982795090811       0.853374088559543     
  0.598263541378102       0.405075635465032       0.256861043382590     
  0.146010902584487       4.411960614478389E-002
   64747778900795.0        63703838187844.3        62046898900285.0     
   58859936801923.9        55178592228685.1        51827402233757.4     
   50550477411651.9        49638389654199.2        47245640368662.6     
   39652943367204.8        15119958924379.7     
  0.000000000000000E+000  0.000000000000000E+000  0.000000000000000E+000
  0.000000000000000E+000  0.000000000000000E+000  0.000000000000000E+000
  0.000000000000000E+000  0.000000000000000E+000  0.000000000000000E+000
  0.000000000000000E+000  0.000000000000000E+000
   1.50000000000000        1.50000000000000        1.50000000000000     
   1.50000000000000        1.50000000000000        1.50000000000000     
   1.50000000000000        1.50000000000000        1.50000000000000     
   1.50000000000000        1.50000000000000     
  0.000000000000000E+000
  0.000000000000000E+000
  0.000000000000000E+000
  0.000000000000000E+000
  0.000000000000000E+000
   1267786.67680613     
   1330792.84857419     
  0.000000000000000E+000
   1722271.34600763     
   1588838.71501908     
  0.000000000000000E+000
  0.000000000000000E+000
  0.000000000000000E+000
  0.000000000000000E+000
   1488563.72642599     
  0.000000000000000E+000
