           1
          11
 rho_tor
  0.100000000000000     
  0.000000000000000E+000  0.100000000000000       0.200000000000000     
  0.300000000000000       0.400000000000000       0.500000000000000     
  0.600000000000000       0.700000000000000       0.800000000000000     
  0.900000000000000        1.00000000000000     
   2.34574647288492        2.29015223147690        1.99415746964583     
   1.59527412413150        1.21218366793235       0.842248580417911     
  0.549081208251961       0.348668546018043       0.211754331585253     
  0.112950355534269       3.205074340639295E-002
   2.34574647288492        2.29015223147690        1.99415746964583     
   1.59527412413150        1.21218366793235       0.842248580417911     
  0.549081208251961       0.348668546018043       0.211754331585253     
  0.112950355534269       3.205074340639296E-002
   39163578689216.6        39351515864567.3        39483005592029.0     
   38819783232939.7        36802048031545.0        34552410413601.3     
   34787331453885.9        35561919762371.7        33943600239274.9     
   27424414836606.5        13001246176677.1     
  0.000000000000000E+000  0.000000000000000E+000  0.000000000000000E+000
  0.000000000000000E+000  0.000000000000000E+000  0.000000000000000E+000
  0.000000000000000E+000  0.000000000000000E+000  0.000000000000000E+000
  0.000000000000000E+000  0.000000000000000E+000
   1.50000000000000        1.50000000000000        1.50000000000000     
   1.50000000000000        1.50000000000000        1.50000000000000     
   1.50000000000000        1.50000000000000        1.50000000000000     
   1.50000000000000        1.50000000000000     
  0.000000000000000E+000
  0.000000000000000E+000
  0.000000000000000E+000
  0.000000000000000E+000
  0.000000000000000E+000
  0.000000000000000E+000
  0.000000000000000E+000
  0.000000000000000E+000
  0.000000000000000E+000
  0.000000000000000E+000
  0.000000000000000E+000
  0.000000000000000E+000
  0.000000000000000E+000
  0.000000000000000E+000
   1469970.00000000     
  0.000000000000000E+000
