           1
          11
 rho_tor
  0.100000000000000     
  0.000000000000000E+000  0.100000000000000       0.200000000000000     
  0.300000000000000       0.400000000000000       0.500000000000000     
  0.600000000000000       0.700000000000000       0.800000000000000     
  0.900000000000000        1.00000000000000     
   2.22207453783151        2.16987084687702        1.88865899332763     
   1.50505810454818        1.13638546027438       0.791128254403050     
  0.520312163127634       0.329050997077471       0.198080464160510     
  0.105433780916289       3.179699271234161E-002
   2.22207453783151        2.16987084687701        1.88865899332763     
   1.50505810454818        1.13638546027438       0.791128254403050     
  0.520312163127634       0.329050997077471       0.198080464160510     
  0.105433780916289       3.179699271234161E-002
   42966886680177.7        42659829476621.7        42071300190389.1     
   40834970942774.1        39237445119726.1        37824536038850.5     
   37522441044287.2        37906434769734.7        36906778759470.4     
   30710006215686.1        15064981525098.9     
  0.000000000000000E+000  0.000000000000000E+000  0.000000000000000E+000
  0.000000000000000E+000  0.000000000000000E+000  0.000000000000000E+000
  0.000000000000000E+000  0.000000000000000E+000  0.000000000000000E+000
  0.000000000000000E+000  0.000000000000000E+000
   1.50000000000000        1.50000000000000        1.50000000000000     
   1.50000000000000        1.50000000000000        1.50000000000000     
   1.50000000000000        1.50000000000000        1.50000000000000     
   1.50000000000000        1.50000000000000     
  0.000000000000000E+000
  0.000000000000000E+000
  0.000000000000000E+000
  0.000000000000000E+000
  0.000000000000000E+000
   1267749.30798476     
   1332813.02347908     
  0.000000000000000E+000
  0.000000000000000E+000
  0.000000000000000E+000
  0.000000000000000E+000
  0.000000000000000E+000
  0.000000000000000E+000
  0.000000000000000E+000
   1482390.47908712     
  0.000000000000000E+000
