           1
          11
 rho_tor
  0.100000000000000     
  0.000000000000000E+000  0.100000000000000       0.200000000000000     
  0.300000000000000       0.400000000000000       0.500000000000000     
  0.600000000000000       0.700000000000000       0.800000000000000     
  0.900000000000000        1.00000000000000     
   2.22911025863707        2.17653360787172        1.89559302349417     
   1.51522753801463        1.14818608032465       0.800424799005879     
  0.525579274907798       0.332075772425630       0.201076481875526     
  0.108826191846897       3.853015243241875E-002
   2.22911025863707        2.17653360787172        1.89559302349418     
   1.51522753801463        1.14818608032465       0.800424799005879     
  0.525579274907798       0.332075772425630       0.201076481875526     
  0.108826191846897       3.853015243241876E-002
   42928718899626.9        42543789450214.2        41794707811487.3     
   40288880307085.3        38511652337022.1        37147734561997.8     
   36974706679650.0        37825012860305.5        37100672318575.3     
   30892005395456.6        16102013771756.5     
  0.000000000000000E+000  0.000000000000000E+000  0.000000000000000E+000
  0.000000000000000E+000  0.000000000000000E+000  0.000000000000000E+000
  0.000000000000000E+000  0.000000000000000E+000  0.000000000000000E+000
  0.000000000000000E+000  0.000000000000000E+000
   1.50000000000000        1.50000000000000        1.50000000000000     
   1.50000000000000        1.50000000000000        1.50000000000000     
   1.50000000000000        1.50000000000000        1.50000000000000     
   1.50000000000000        1.50000000000000     
  0.000000000000000E+000
  0.000000000000000E+000
  0.000000000000000E+000
  0.000000000000000E+000
  0.000000000000000E+000
   1263621.91593524     
   1330760.21097340     
  0.000000000000000E+000
  0.000000000000000E+000
  0.000000000000000E+000
  0.000000000000000E+000
  0.000000000000000E+000
  0.000000000000000E+000
  0.000000000000000E+000
   1482367.39694694     
  0.000000000000000E+000
