           1
          11
 rho_tor
  0.100000000000000     
  0.000000000000000E+000  0.100000000000000       0.200000000000000     
  0.300000000000000       0.400000000000000       0.500000000000000     
  0.600000000000000       0.700000000000000       0.800000000000000     
  0.900000000000000        1.00000000000000     
   3.16022634465580        3.00988904535490        2.34412873516074     
   1.64509751194153        1.12017042741353       0.692362061428304     
  0.399450867545678       0.228890681505959       0.129092575267614     
  7.165497067281019E-002  2.583110154666023E-002
   3.16022634465580        3.00988904535490        2.34412873516074     
   1.64509751194153        1.12017042741353       0.692362061428304     
  0.399450867545678       0.228890681505959       0.129092575267614     
  7.165497067281019E-002  2.583110154666024E-002
   38091857054876.7        38834476161983.9        39902899616950.5     
   40290568597643.1        38487635351630.5        36057038795864.9     
   37429542332293.9        37588162853893.2        37322003596165.1     
   33026789695288.7        12549573712133.8     
  0.000000000000000E+000  0.000000000000000E+000  0.000000000000000E+000
  0.000000000000000E+000  0.000000000000000E+000  0.000000000000000E+000
  0.000000000000000E+000  0.000000000000000E+000  0.000000000000000E+000
  0.000000000000000E+000  0.000000000000000E+000
   1.50000000000000        1.50000000000000        1.50000000000000     
   1.50000000000000        1.50000000000000        1.50000000000000     
   1.50000000000000        1.50000000000000        1.50000000000000     
   1.50000000000000        1.50000000000000     
  0.000000000000000E+000
  0.000000000000000E+000
  0.000000000000000E+000
  0.000000000000000E+000
  0.000000000000000E+000
  0.000000000000000E+000
  0.000000000000000E+000
  0.000000000000000E+000
  0.000000000000000E+000
  0.000000000000000E+000
  0.000000000000000E+000
  0.000000000000000E+000
  0.000000000000000E+000
  0.000000000000000E+000
  0.000000000000000E+000
  0.000000000000000E+000
