           1
          11
 rho_tor
  0.100000000000000     
  0.000000000000000E+000  0.100000000000000       0.200000000000000     
  0.300000000000000       0.400000000000000       0.500000000000000     
  0.600000000000000       0.700000000000000       0.800000000000000     
  0.900000000000000        1.00000000000000     
   1.57349454469433        1.55341549370048        1.42651347329599     
   1.19773734111885       0.919236267421707       0.637863665924461     
  0.410213440333039       0.251785395801567       0.144655746376998     
  7.475096942184913E-002  2.914996737598991E-002
   1.57349454469433        1.55341549370048        1.42651347329599     
   1.19773734111885       0.919236267421707       0.637863665924461     
  0.410213440333039       0.251785395801567       0.144655746376998     
  7.475096942184913E-002  2.914996737598992E-002
   32270505033960.6        32280290324233.2        32146454930795.8     
   31235113574473.6        29313499009672.8        27481322021931.7     
   27650904988698.8        26683304029615.6        24313130261860.6     
   21879860891129.8        12806634405075.8     
  0.000000000000000E+000  0.000000000000000E+000  0.000000000000000E+000
  0.000000000000000E+000  0.000000000000000E+000  0.000000000000000E+000
  0.000000000000000E+000  0.000000000000000E+000  0.000000000000000E+000
  0.000000000000000E+000  0.000000000000000E+000
   1.50000000000000        1.50000000000000        1.50000000000000     
   1.50000000000000        1.50000000000000        1.50000000000000     
   1.50000000000000        1.50000000000000        1.50000000000000     
   1.50000000000000        1.50000000000000     
  0.000000000000000E+000
  0.000000000000000E+000
  0.000000000000000E+000
  0.000000000000000E+000
  0.000000000000000E+000
  0.000000000000000E+000
  0.000000000000000E+000
  0.000000000000000E+000
  0.000000000000000E+000
  0.000000000000000E+000
  0.000000000000000E+000
  0.000000000000000E+000
  0.000000000000000E+000
  0.000000000000000E+000
  0.000000000000000E+000
  0.000000000000000E+000
