           1
          11
 rho_tor
  0.100000000000000     
  0.000000000000000E+000  0.100000000000000       0.200000000000000     
  0.300000000000000       0.400000000000000       0.500000000000000     
  0.600000000000000       0.700000000000000       0.800000000000000     
  0.900000000000000        1.00000000000000     
   2.20749669246323        2.15692803901160        1.88083137984028     
   1.50046909263340        1.13375786223715       0.788944038913885     
  0.519025668705822       0.329022873341385       0.199022288256413     
  0.110249090415448       4.008775489572052E-002
   2.20749669246322        2.15692803901160        1.88083137984028     
   1.50046909263341        1.13375786223715       0.788944038913885     
  0.519025668705822       0.329022873341385       0.199022288256413     
  0.110249090415448       4.008775489572053E-002
   43367370207667.2        43040112263508.5        42405765384765.0     
   40997350410405.2        39107319472001.1        37474279755094.4     
   37446341212515.0        37773505699629.4        37218742207416.4     
   31983263366000.3        15240187582318.1     
  0.000000000000000E+000  0.000000000000000E+000  0.000000000000000E+000
  0.000000000000000E+000  0.000000000000000E+000  0.000000000000000E+000
  0.000000000000000E+000  0.000000000000000E+000  0.000000000000000E+000
  0.000000000000000E+000  0.000000000000000E+000
   1.50000000000000        1.50000000000000        1.50000000000000     
   1.50000000000000        1.50000000000000        1.50000000000000     
   1.50000000000000        1.50000000000000        1.50000000000000     
   1.50000000000000        1.50000000000000     
  0.000000000000000E+000
  0.000000000000000E+000
  0.000000000000000E+000
  0.000000000000000E+000
  0.000000000000000E+000
   1271833.79020917     
   1328812.83650195     
  0.000000000000000E+000
  0.000000000000000E+000
  0.000000000000000E+000
  0.000000000000000E+000
  0.000000000000000E+000
  0.000000000000000E+000
  0.000000000000000E+000
  0.000000000000000E+000
  0.000000000000000E+000
