           1
          11
 rho_tor
  0.100000000000000     
  0.000000000000000E+000  0.100000000000000       0.200000000000000     
  0.300000000000000       0.400000000000000       0.500000000000000     
  0.600000000000000       0.700000000000000       0.800000000000000     
  0.900000000000000        1.00000000000000     
   1.22405070046269        1.20716378800411        1.11637128266148     
  0.975966942406182       0.818702977257599       0.669455318935168     
  0.535721348290360       0.414385042793225       0.315623883143655     
  0.237133476053175       0.120000000000000     
   1.22405070046269        1.20716378800411        1.11637128266148     
  0.975966942406182       0.818702977257599       0.669455318935168     
  0.535721348290360       0.414385042793225       0.315623883143655     
  0.237133476053175       0.120000000000000     
   13821064793446.3        13555093815839.6        13161549553383.9     
   12595804142783.1        12303773143047.5        12274911587625.7     
   11485289153079.5        10721773516259.8        10895075720925.3     
   8627580054942.28        1542993485463.94     
  0.000000000000000E+000  0.000000000000000E+000  0.000000000000000E+000
  0.000000000000000E+000  0.000000000000000E+000  0.000000000000000E+000
  0.000000000000000E+000  0.000000000000000E+000  0.000000000000000E+000
  0.000000000000000E+000  0.000000000000000E+000
   1.50000000000000        1.50000000000000        1.50000000000000     
   1.50000000000000        1.50000000000000        1.50000000000000     
   1.50000000000000        1.50000000000000        1.50000000000000     
   1.50000000000000        1.50000000000000     
  0.000000000000000E+000
  0.000000000000000E+000
  0.000000000000000E+000
  0.000000000000000E+000
  0.000000000000000E+000
  0.000000000000000E+000
  0.000000000000000E+000
  0.000000000000000E+000
  0.000000000000000E+000
  0.000000000000000E+000
  0.000000000000000E+000
  0.000000000000000E+000
  0.000000000000000E+000
  0.000000000000000E+000
  0.000000000000000E+000
  0.000000000000000E+000
