           1
          11
 rho_tor
  0.100000000000000     
  0.000000000000000E+000  0.100000000000000       0.200000000000000     
  0.300000000000000       0.400000000000000       0.500000000000000     
  0.600000000000000       0.700000000000000       0.800000000000000     
  0.900000000000000        1.00000000000000     
   2.26179069132071        2.21454625238508        1.94934299692976     
   1.56990283080969        1.18757691664289       0.820115335717128     
  0.536401111242184       0.337898338835110       0.197785517605743     
  0.105099893150412       2.723351111200428E-002
   2.26179069132071        2.21454625238508        1.94934299692976     
   1.56990283080969        1.18757691664289       0.820115335717128     
  0.536401111242184       0.337898338835110       0.197785517605743     
  0.105099893150412       2.723351111200428E-002
   48135345867134.1        47683494215042.7        47032019655550.7     
   46124119918434.9        45645705312082.9        46361595057590.2     
   49243163797749.4        51252856813599.5        53125638588513.2     
   50771123912142.4        20036839018357.6     
  0.000000000000000E+000  0.000000000000000E+000  0.000000000000000E+000
  0.000000000000000E+000  0.000000000000000E+000  0.000000000000000E+000
  0.000000000000000E+000  0.000000000000000E+000  0.000000000000000E+000
  0.000000000000000E+000  0.000000000000000E+000
   1.50000000000000        1.50000000000000        1.50000000000000     
   1.50000000000000        1.50000000000000        1.50000000000000     
   1.50000000000000        1.50000000000000        1.50000000000000     
   1.50000000000000        1.50000000000000     
  0.000000000000000E+000
  0.000000000000000E+000
  0.000000000000000E+000
  0.000000000000000E+000
  0.000000000000000E+000
   1267736.85171104     
   1330739.87500000     
  0.000000000000000E+000
   1722196.33479104     
   1584630.00000000     
  0.000000000000000E+000
  0.000000000000000E+000
  0.000000000000000E+000
  0.000000000000000E+000
   1474066.95038005     
  0.000000000000000E+000
