           1
          11
 rho_tor
  0.100000000000000     
  0.000000000000000E+000  0.100000000000000       0.200000000000000     
  0.300000000000000       0.400000000000000       0.500000000000000     
  0.600000000000000       0.700000000000000       0.800000000000000     
  0.900000000000000        1.00000000000000     
   2.21047191942766        2.15937901512621        1.88133406383765     
   1.49991309917952        1.13312339431552       0.788920087524355     
  0.519549139358332       0.329777777706809       0.198921564629891     
  0.106106832699898       2.982369089242225E-002
   2.21047191942766        2.15937901512621        1.88133406383766     
   1.49991309917952        1.13312339431552       0.788920087524355     
  0.519549139358332       0.329777777706809       0.198921564629891     
  0.106106832699898       2.982369089242226E-002
   43136957007871.3        42874796950944.5        42347805264262.3     
   41116480433496.8        39358757623823.0        37743681221112.5     
   37561552136643.0        37775527082607.6        36575247659311.8     
   30090098420763.1        14090775122996.1     
  0.000000000000000E+000  0.000000000000000E+000  0.000000000000000E+000
  0.000000000000000E+000  0.000000000000000E+000  0.000000000000000E+000
  0.000000000000000E+000  0.000000000000000E+000  0.000000000000000E+000
  0.000000000000000E+000  0.000000000000000E+000
   1.50000000000000        1.50000000000000        1.50000000000000     
   1.50000000000000        1.50000000000000        1.50000000000000     
   1.50000000000000        1.50000000000000        1.50000000000000     
   1.50000000000000        1.50000000000000     
  0.000000000000000E+000
  0.000000000000000E+000
  0.000000000000000E+000
  0.000000000000000E+000
  0.000000000000000E+000
   1271790.12500000     
   1332809.87500000     
  0.000000000000000E+000
  0.000000000000000E+000
  0.000000000000000E+000
  0.000000000000000E+000
  0.000000000000000E+000
  0.000000000000000E+000
  0.000000000000000E+000
   1482300.00000000     
  0.000000000000000E+000
