           1
          11
 rho_tor
  0.100000000000000     
  0.000000000000000E+000  0.100000000000000       0.200000000000000     
  0.300000000000000       0.400000000000000       0.500000000000000     
  0.600000000000000       0.700000000000000       0.800000000000000     
  0.900000000000000        1.00000000000000     
  0.986893727784034       0.972608032303822       0.907729553737843     
  0.811524979829905       0.691624531531572       0.568487630765053     
  0.451650367495625       0.336720649092669       0.228484404926064     
  0.131887502390484       3.390722389680793E-002
  0.986893727784034       0.972608032303821       0.907729553737844     
  0.811524979829905       0.691624531531572       0.568487630765053     
  0.451650367495625       0.336720649092669       0.228484404926064     
  0.131887502390484       3.390722389680794E-002
   12216886636377.9        11435846310278.8        10370666408163.0     
   8701438387904.16        7472160908366.11        6832757512533.40     
   6237790695071.04        5415368169372.77        4784437670084.12     
   3719969738567.98        1460983974294.35     
  0.000000000000000E+000  0.000000000000000E+000  0.000000000000000E+000
  0.000000000000000E+000  0.000000000000000E+000  0.000000000000000E+000
  0.000000000000000E+000  0.000000000000000E+000  0.000000000000000E+000
  0.000000000000000E+000  0.000000000000000E+000
   1.50000000000000        1.50000000000000        1.50000000000000     
   1.50000000000000        1.50000000000000        1.50000000000000     
   1.50000000000000        1.50000000000000        1.50000000000000     
   1.50000000000000        1.50000000000000     
  0.000000000000000E+000
  0.000000000000000E+000
  0.000000000000000E+000
  0.000000000000000E+000
  0.000000000000000E+000
  0.000000000000000E+000
  0.000000000000000E+000
  0.000000000000000E+000
  0.000000000000000E+000
  0.000000000000000E+000
  0.000000000000000E+000
  0.000000000000000E+000
  0.000000000000000E+000
  0.000000000000000E+000
  0.000000000000000E+000
  0.000000000000000E+000
