           1
          11
 rho_tor
  0.100000000000000     
  0.000000000000000E+000  0.100000000000000       0.200000000000000     
  0.300000000000000       0.400000000000000       0.500000000000000     
  0.600000000000000       0.700000000000000       0.800000000000000     
  0.900000000000000        1.00000000000000     
   4.17832494217454        3.94128419434690        2.93399253681371     
   1.95715864765600        1.29599778623051       0.797504913071230     
  0.468419815064780       0.274195178616257       0.158619715342083     
  8.872748306740715E-002  3.264062877504834E-002
   4.17832494217453        3.94128419434690        2.93399253681371     
   1.95715864765600        1.29599778623051       0.797504913071230     
  0.468419815064780       0.274195178616257       0.158619715342083     
  8.872748306740715E-002  3.264062877504835E-002
   34888165134197.7        35701996044880.9        36928605060749.8     
   37671605117298.0        36170355187908.8        33631418217100.7     
   34753677918117.0        35378901262204.3        34530594464734.3     
   29846013603285.1        11585641398818.1     
  0.000000000000000E+000  0.000000000000000E+000  0.000000000000000E+000
  0.000000000000000E+000  0.000000000000000E+000  0.000000000000000E+000
  0.000000000000000E+000  0.000000000000000E+000  0.000000000000000E+000
  0.000000000000000E+000  0.000000000000000E+000
   1.50000000000000        1.50000000000000        1.50000000000000     
   1.50000000000000        1.50000000000000        1.50000000000000     
   1.50000000000000        1.50000000000000        1.50000000000000     
   1.50000000000000        1.50000000000000     
  0.000000000000000E+000
  0.000000000000000E+000
  0.000000000000000E+000
  0.000000000000000E+000
  0.000000000000000E+000
  0.000000000000000E+000
  0.000000000000000E+000
  0.000000000000000E+000
  0.000000000000000E+000
  0.000000000000000E+000
  0.000000000000000E+000
  0.000000000000000E+000
  0.000000000000000E+000
  0.000000000000000E+000
  0.000000000000000E+000
  0.000000000000000E+000
