           1
          11
 rho_tor
  0.100000000000000     
  0.000000000000000E+000  0.100000000000000       0.200000000000000     
  0.300000000000000       0.400000000000000       0.500000000000000     
  0.600000000000000       0.700000000000000       0.800000000000000     
  0.900000000000000        1.00000000000000     
   2.15005212171863        2.12074466958871        1.95056287201470     
   1.67766763522453        1.36372534084563        1.03378502093877     
  0.740896258258865       0.501271549894889       0.305833645869846     
  0.167835405598202       2.000000000000000E-002
   2.15005212171862        2.12074466958870        1.95056287201470     
   1.67766763522453        1.36372534084563        1.03378502093877     
  0.740896258258865       0.501271549894889       0.305833645869846     
  0.167835405598202       2.000000000000000E-002
   68393104196699.0        67476685510179.5        66169041912669.3     
   63332094336043.2        59386381482533.8        54755506755349.1     
   52046883202705.9        50163134937612.8        48616781925447.1     
   45452384169666.0        11540987224493.9     
  0.000000000000000E+000  0.000000000000000E+000  0.000000000000000E+000
  0.000000000000000E+000  0.000000000000000E+000  0.000000000000000E+000
  0.000000000000000E+000  0.000000000000000E+000  0.000000000000000E+000
  0.000000000000000E+000  0.000000000000000E+000
   1.50000000000000        1.50000000000000        1.50000000000000     
   1.50000000000000        1.50000000000000        1.50000000000000     
   1.50000000000000        1.50000000000000        1.50000000000000     
   1.50000000000000        1.50000000000000     
  0.000000000000000E+000
  0.000000000000000E+000
   1072353.02290078     
   1032397.55720424     
  0.000000000000000E+000
   1263617.17557262     
  0.000000000000000E+000
  0.000000000000000E+000
   1707950.21087798     
   1582578.94933217     
   1786880.40467569     
   1810553.49618334     
  0.000000000000000E+000
  0.000000000000000E+000
   1476141.73292014     
  0.000000000000000E+000
