           1
          11
 rho_tor
  0.100000000000000     
  0.000000000000000E+000  0.100000000000000       0.200000000000000     
  0.300000000000000       0.400000000000000       0.500000000000000     
  0.600000000000000       0.700000000000000       0.800000000000000     
  0.900000000000000        1.00000000000000     
   1.28635646001420        1.27234934972720        1.19134480050172     
   1.05042949539028       0.867196572307336       0.674147915445613     
  0.496476576055682       0.342806820463531       0.217731365655606     
  0.124385458268243       2.243053385126796E-002
   1.28635646001420        1.27234934972720        1.19134480050172     
   1.05042949539028       0.867196572307336       0.674147915445613     
  0.496476576055682       0.342806820463531       0.217731365655606     
  0.124385458268243       2.243053385126797E-002
   25297469889186.6        24807587979084.6        24084759232391.7     
   22899666613627.5        22104183053802.3        22122437782076.4     
   22298522893618.3        22089316521186.5        21633913754169.5     
   18999181364474.5        4964003023721.50     
  0.000000000000000E+000  0.000000000000000E+000  0.000000000000000E+000
  0.000000000000000E+000  0.000000000000000E+000  0.000000000000000E+000
  0.000000000000000E+000  0.000000000000000E+000  0.000000000000000E+000
  0.000000000000000E+000  0.000000000000000E+000
   1.50000000000000        1.50000000000000        1.50000000000000     
   1.50000000000000        1.50000000000000        1.50000000000000     
   1.50000000000000        1.50000000000000        1.50000000000000     
   1.50000000000000        1.50000000000000     
  0.000000000000000E+000
  0.000000000000000E+000
  0.000000000000000E+000
  0.000000000000000E+000
  0.000000000000000E+000
  0.000000000000000E+000
  0.000000000000000E+000
  0.000000000000000E+000
  0.000000000000000E+000
  0.000000000000000E+000
  0.000000000000000E+000
  0.000000000000000E+000
  0.000000000000000E+000
  0.000000000000000E+000
  0.000000000000000E+000
  0.000000000000000E+000
