           1
          11
 rho_tor
  0.100000000000000     
  0.000000000000000E+000  0.100000000000000       0.200000000000000     
  0.300000000000000       0.400000000000000       0.500000000000000     
  0.600000000000000       0.700000000000000       0.800000000000000     
  0.900000000000000        1.00000000000000     
   2.10650007066534        2.07989332268080        1.92149759140360     
   1.66036441451690        1.35004974113148        1.02340071198257     
  0.737746849544626       0.501604178032052       0.304078051470767     
  0.165907141916791       3.194081808406900E-002
   2.10650007066534        2.07989332268080        1.92149759140360     
   1.66036441451690        1.35004974113148        1.02340071198257     
  0.737746849544626       0.501604178032052       0.304078051470767     
  0.165907141916791       3.194081808406900E-002
   74740340275298.6        72885912406766.1        70226431170919.2     
   65017871123878.8        59694491812109.3        55691415484999.5     
   53225614406714.4        50097876005286.7        48159092231917.0     
   47217301407293.9        13836160443252.1     
  0.000000000000000E+000  0.000000000000000E+000  0.000000000000000E+000
  0.000000000000000E+000  0.000000000000000E+000  0.000000000000000E+000
  0.000000000000000E+000  0.000000000000000E+000  0.000000000000000E+000
  0.000000000000000E+000  0.000000000000000E+000
   1.50000000000000        1.50000000000000        1.50000000000000     
   1.50000000000000        1.50000000000000        1.50000000000000     
   1.50000000000000        1.50000000000000        1.50000000000000     
   1.50000000000000        1.50000000000000     
  0.000000000000000E+000
  0.000000000000000E+000
   1064512.44274812     
   1028522.95419846     
  0.000000000000000E+000
   1259570.26717550     
  0.000000000000000E+000
  0.000000000000000E+000
   1693548.94933199     
   1578535.20133578     
   1793014.61354949     
   1800285.78902666     
  0.000000000000000E+000
  0.000000000000000E+000
   1494669.16030520     
  0.000000000000000E+000
