           1
          11
 rho_tor
  0.100000000000000     
  0.000000000000000E+000  0.100000000000000       0.200000000000000     
  0.300000000000000       0.400000000000000       0.500000000000000     
  0.600000000000000       0.700000000000000       0.800000000000000     
  0.900000000000000        1.00000000000000     
   3.85473265271413        3.64202395140521        2.74020128687475     
   1.85315011367153        1.23385613746306       0.755589201571134     
  0.435962991016483       0.252679702832337       0.148710531344805     
  8.907845357426884E-002  4.139745817406977E-002
   3.85473265271413        3.64202395140520        2.74020128687476     
   1.85315011367153        1.23385613746306       0.755589201571134     
  0.435962991016483       0.252679702832337       0.148710531344805     
  8.907845357426884E-002  4.139745817406978E-002
   36470131192096.8        36936950222147.1        37647869687130.6     
   37883402667882.0        36383463335730.8        34113222759160.6     
   35101661663339.9        35955787648208.1        35859297086840.5     
   30844435797908.1        11716609599442.9     
  0.000000000000000E+000  0.000000000000000E+000  0.000000000000000E+000
  0.000000000000000E+000  0.000000000000000E+000  0.000000000000000E+000
  0.000000000000000E+000  0.000000000000000E+000  0.000000000000000E+000
  0.000000000000000E+000  0.000000000000000E+000
   1.50000000000000        1.50000000000000        1.50000000000000     
   1.50000000000000        1.50000000000000        1.50000000000000     
   1.50000000000000        1.50000000000000        1.50000000000000     
   1.50000000000000        1.50000000000000     
  0.000000000000000E+000
  0.000000000000000E+000
  0.000000000000000E+000
  0.000000000000000E+000
  0.000000000000000E+000
  0.000000000000000E+000
  0.000000000000000E+000
  0.000000000000000E+000
  0.000000000000000E+000
  0.000000000000000E+000
  0.000000000000000E+000
  0.000000000000000E+000
  0.000000000000000E+000
  0.000000000000000E+000
  0.000000000000000E+000
  0.000000000000000E+000
