           1
          11
 rho_tor
  0.100000000000000     
  0.000000000000000E+000  0.100000000000000       0.200000000000000     
  0.300000000000000       0.400000000000000       0.500000000000000     
  0.600000000000000       0.700000000000000       0.800000000000000     
  0.900000000000000        1.00000000000000     
   1.99420520564625        1.95343389210329        1.72693121442220     
   1.40606088873203        1.08530836189661       0.776322565492045     
  0.528805321969162       0.342620111847941       0.199376633938809     
  0.100833741150969       2.000000000000000E-002
   1.99420520564624        1.95343389210329        1.72693121442220     
   1.40606088873203        1.08530836189661       0.776322565492045     
  0.528805321969162       0.342620111847941       0.199376633938809     
  0.100833741150969       2.000000000000000E-002
   59263650003053.7        58764756955392.8        58062066345838.3     
   56985616445638.1        55972799161481.1        55186010037570.9     
   55393629671928.4        54205043396160.8        54430872633489.0     
   52870694985999.8        21720331020658.0     
  0.000000000000000E+000  0.000000000000000E+000  0.000000000000000E+000
  0.000000000000000E+000  0.000000000000000E+000  0.000000000000000E+000
  0.000000000000000E+000  0.000000000000000E+000  0.000000000000000E+000
  0.000000000000000E+000  0.000000000000000E+000
   1.50000000000000        1.50000000000000        1.50000000000000     
   1.50000000000000        1.50000000000000        1.50000000000000     
   1.50000000000000        1.50000000000000        1.50000000000000     
   1.50000000000000        1.50000000000000     
  0.000000000000000E+000
  0.000000000000000E+000
  0.000000000000000E+000
  0.000000000000000E+000
  0.000000000000000E+000
   1271813.55238563     
   1328789.61068719     
  0.000000000000000E+000
   1724324.15267183     
   1586739.28530556     
  0.000000000000000E+000
  0.000000000000000E+000
  0.000000000000000E+000
  0.000000000000000E+000
   1488495.22900805     
  0.000000000000000E+000
