           1
          11
 rho_tor
  0.100000000000000     
  0.000000000000000E+000  0.100000000000000       0.200000000000000     
  0.300000000000000       0.400000000000000       0.500000000000000     
  0.600000000000000       0.700000000000000       0.800000000000000     
  0.900000000000000        1.00000000000000     
   1.91548305215459        1.87810897938453        1.68611878169321     
   1.40714026376523        1.10739147476583       0.804499073012527     
  0.554041635288546       0.366145933086534       0.225230960965415     
  0.119331461592411       2.964153636457151E-002
   1.91548305215459        1.87810897938453        1.68611878169321     
   1.40714026376523        1.10739147476583       0.804499073012527     
  0.554041635288546       0.366145933086534       0.225230960965415     
  0.119331461592411       2.964153636457151E-002
   65706442364517.2        64706380843177.6        63055679879452.2     
   59869775491905.8        56199904223093.7        52968699010473.2     
   51662826430805.4        50799290450693.0        47925888217341.9     
   39421488031495.1        17789731274670.1     
  0.000000000000000E+000  0.000000000000000E+000  0.000000000000000E+000
  0.000000000000000E+000  0.000000000000000E+000  0.000000000000000E+000
  0.000000000000000E+000  0.000000000000000E+000  0.000000000000000E+000
  0.000000000000000E+000  0.000000000000000E+000
   1.50000000000000        1.50000000000000        1.50000000000000     
   1.50000000000000        1.50000000000000        1.50000000000000     
   1.50000000000000        1.50000000000000        1.50000000000000     
   1.50000000000000        1.50000000000000     
  0.000000000000000E+000
  0.000000000000000E+000
  0.000000000000000E+000
  0.000000000000000E+000
  0.000000000000000E+000
   1273855.32824429     
   1330738.36364504     
  0.000000000000000E+000
   1726354.92375964     
   1588766.83969467     
  0.000000000000000E+000
  0.000000000000000E+000
  0.000000000000000E+000
  0.000000000000000E+000
   1467917.24437016     
  0.000000000000000E+000
