           1
          11
 rho_tor
  0.100000000000000     
  0.000000000000000E+000  0.100000000000000       0.200000000000000     
  0.300000000000000       0.400000000000000       0.500000000000000     
  0.600000000000000       0.700000000000000       0.800000000000000     
  0.900000000000000        1.00000000000000     
   1.94260642174772        1.90215692950110        1.70227512046568     
   1.42379213030061        1.12986164546217       0.828569477729502     
  0.576195465047037       0.381090524177816       0.225903134090935     
  0.116246893687990       2.000000000000000E-002
   1.94260642174772        1.90215692950110        1.70227512046568     
   1.42379213030061        1.12986164546217       0.828569477729502     
  0.576195465047037       0.381090524177816       0.225903134090935     
  0.116246893687990       2.000000000000000E-002
   64693047817810.3        64015125294186.5        62842537212017.7     
   60227968385685.0        56672079949066.5        52986322052721.9     
   51479554276239.2        48724871840887.3        46565799961014.7     
   43394029899555.5        15922641551690.3     
  0.000000000000000E+000  0.000000000000000E+000  0.000000000000000E+000
  0.000000000000000E+000  0.000000000000000E+000  0.000000000000000E+000
  0.000000000000000E+000  0.000000000000000E+000  0.000000000000000E+000
  0.000000000000000E+000  0.000000000000000E+000
   1.50000000000000        1.50000000000000        1.50000000000000     
   1.50000000000000        1.50000000000000        1.50000000000000     
   1.50000000000000        1.50000000000000        1.50000000000000     
   1.50000000000000        1.50000000000000     
  0.000000000000000E+000
  0.000000000000000E+000
  0.000000000000000E+000
  0.000000000000000E+000
  0.000000000000000E+000
   1271790.12500000     
   1332809.87500000     
  0.000000000000000E+000
   1728450.12500000     
   1590750.00000000     
  0.000000000000000E+000
  0.000000000000000E+000
  0.000000000000000E+000
  0.000000000000000E+000
   1494630.00000000     
  0.000000000000000E+000
