           1
          11
 rho_tor
  0.100000000000000     
  0.000000000000000E+000  0.100000000000000       0.200000000000000     
  0.300000000000000       0.400000000000000       0.500000000000000     
  0.600000000000000       0.700000000000000       0.800000000000000     
  0.900000000000000        1.00000000000000     
   1.93307440214163        1.89444508774217        1.70114185012065     
   1.42719785776208        1.13415318505460       0.835630098584441     
  0.586909481153854       0.395507931202133       0.245367449008379     
  0.134953590340528       3.269848001190177E-002
   1.93307440214163        1.89444508774217        1.70114185012065     
   1.42719785776208        1.13415318505460       0.835630098584441     
  0.586909481153854       0.395507931202133       0.245367449008379     
  0.134953590340528       3.269848001190177E-002
   66584758903067.5        65383959001698.2        63379097421476.5     
   59641192605838.8        55730538293936.2        52747733135141.6     
   51305037862325.8        48995950774716.1        46074310565873.6     
   39501510548022.8        13805827872217.3     
  0.000000000000000E+000  0.000000000000000E+000  0.000000000000000E+000
  0.000000000000000E+000  0.000000000000000E+000  0.000000000000000E+000
  0.000000000000000E+000  0.000000000000000E+000  0.000000000000000E+000
  0.000000000000000E+000  0.000000000000000E+000
   1.50000000000000        1.50000000000000        1.50000000000000     
   1.50000000000000        1.50000000000000        1.50000000000000     
   1.50000000000000        1.50000000000000        1.50000000000000     
   1.50000000000000        1.50000000000000     
  0.000000000000000E+000
  0.000000000000000E+000
  0.000000000000000E+000
  0.000000000000000E+000
  0.000000000000000E+000
   1239141.84738107     
   1293964.35095257     
  0.000000000000000E+000
   1726389.41214291     
   1590786.06880973     
  0.000000000000000E+000
  0.000000000000000E+000
  0.000000000000000E+000
  0.000000000000000E+000
   1484442.06857183     
  0.000000000000000E+000
