           1
          11
 rho_tor
  0.100000000000000     
  0.000000000000000E+000  0.100000000000000       0.200000000000000     
  0.300000000000000       0.400000000000000       0.500000000000000     
  0.600000000000000       0.700000000000000       0.800000000000000     
  0.900000000000000        1.00000000000000     
   1.53234881393777        1.51760214647101        1.42039560849614     
   1.22592043790178       0.964328056447796       0.699667156588169     
  0.472287061548173       0.300039734436696       0.177048783720910     
  9.087915228056070E-002  2.000000000000000E-002
   1.53234881393777        1.51760214647100        1.42039560849614     
   1.22592043790178       0.964328056447796       0.699667156588169     
  0.472287061548173       0.300039734436696       0.177048783720910     
  9.087915228056070E-002  2.000000000000000E-002
   31733869864066.1        31751257036951.5        31615637826053.4     
   30806320539742.9        29213164670376.5        27535951759599.2     
   27435449873688.1        27839697073950.7        26865946216797.8     
   22745703092106.9        9577568246879.30     
  0.000000000000000E+000  0.000000000000000E+000  0.000000000000000E+000
  0.000000000000000E+000  0.000000000000000E+000  0.000000000000000E+000
  0.000000000000000E+000  0.000000000000000E+000  0.000000000000000E+000
  0.000000000000000E+000  0.000000000000000E+000
   1.50000000000000        1.50000000000000        1.50000000000000     
   1.50000000000000        1.50000000000000        1.50000000000000     
   1.50000000000000        1.50000000000000        1.50000000000000     
   1.50000000000000        1.50000000000000     
  0.000000000000000E+000
  0.000000000000000E+000
  0.000000000000000E+000
  0.000000000000000E+000
  0.000000000000000E+000
  0.000000000000000E+000
  0.000000000000000E+000
  0.000000000000000E+000
  0.000000000000000E+000
  0.000000000000000E+000
  0.000000000000000E+000
  0.000000000000000E+000
  0.000000000000000E+000
  0.000000000000000E+000
  0.000000000000000E+000
  0.000000000000000E+000
