           1
          11
 rho_tor
  0.100000000000000     
  0.000000000000000E+000  0.100000000000000       0.200000000000000     
  0.300000000000000       0.400000000000000       0.500000000000000     
  0.600000000000000       0.700000000000000       0.800000000000000     
  0.900000000000000        1.00000000000000     
   1.94258095845415        1.90246179080358        1.69351421952998     
   1.40262434396790        1.10521810246573       0.805516265112003     
  0.555324352858505       0.363335874676277       0.215341724017761     
  0.115336660788167       2.000000000000000E-002
   1.94258095845415        1.90246179080358        1.69351421952998     
   1.40262434396790        1.10521810246573       0.805516265112003     
  0.555324352858505       0.363335874676277       0.215341724017761     
  0.115336660788167       2.000000000000000E-002
   62921508069556.1        62452322728103.1        61666466602308.3     
   59870168885212.7        57299590143750.4        54444729693114.0     
   53411661972195.6        51524511419994.9        51580155469229.4     
   48835854344241.4        14555218951484.5     
  0.000000000000000E+000  0.000000000000000E+000  0.000000000000000E+000
  0.000000000000000E+000  0.000000000000000E+000  0.000000000000000E+000
  0.000000000000000E+000  0.000000000000000E+000  0.000000000000000E+000
  0.000000000000000E+000  0.000000000000000E+000
   1.50000000000000        1.50000000000000        1.50000000000000     
   1.50000000000000        1.50000000000000        1.50000000000000     
   1.50000000000000        1.50000000000000        1.50000000000000     
   1.50000000000000        1.50000000000000     
  0.000000000000000E+000
  0.000000000000000E+000
  0.000000000000000E+000
  0.000000000000000E+000
  0.000000000000000E+000
   1273897.36882133     
   1332862.71169206     
  0.000000000000000E+000
   1724335.04942968     
   1588844.87471490     
  0.000000000000000E+000
  0.000000000000000E+000
  0.000000000000000E+000
  0.000000000000000E+000
   1451716.69961996     
  0.000000000000000E+000
