           1
          11
 rho_tor
  0.100000000000000     
  0.000000000000000E+000  0.100000000000000       0.200000000000000     
  0.300000000000000       0.400000000000000       0.500000000000000     
  0.600000000000000       0.700000000000000       0.800000000000000     
  0.900000000000000        1.00000000000000     
   4.11830245492544        3.87685133415824        2.87678187122647     
   1.92042970552508        1.27662219853894       0.802845552433526     
  0.481950552862580       0.281021209347586       0.157500391120399     
  7.840860023040501E-002  2.000000000000000E-002
   4.11830245492543        3.87685133415824        2.87678187122647     
   1.92042970552508        1.27662219853894       0.802845552433526     
  0.481950552862580       0.281021209347586       0.157500391120399     
  7.840860023040501E-002  2.000000000000000E-002
   33816385669832.4        33994952449473.8        34169722478955.5     
   33654663139112.6        31743359343423.5        29220211005145.8     
   28611625039001.0        28689376081240.5        27504143053018.6     
   22822422425525.7        10819920444046.4     
  0.000000000000000E+000  0.000000000000000E+000  0.000000000000000E+000
  0.000000000000000E+000  0.000000000000000E+000  0.000000000000000E+000
  0.000000000000000E+000  0.000000000000000E+000  0.000000000000000E+000
  0.000000000000000E+000  0.000000000000000E+000
   1.50000000000000        1.50000000000000        1.50000000000000     
   1.50000000000000        1.50000000000000        1.50000000000000     
   1.50000000000000        1.50000000000000        1.50000000000000     
   1.50000000000000        1.50000000000000     
  0.000000000000000E+000
  0.000000000000000E+000
  0.000000000000000E+000
  0.000000000000000E+000
  0.000000000000000E+000
  0.000000000000000E+000
  0.000000000000000E+000
  0.000000000000000E+000
  0.000000000000000E+000
  0.000000000000000E+000
  0.000000000000000E+000
  0.000000000000000E+000
  0.000000000000000E+000
  0.000000000000000E+000
  0.000000000000000E+000
  0.000000000000000E+000
