           1
          11
 rho_tor
  0.100000000000000     
  0.000000000000000E+000  0.100000000000000       0.200000000000000     
  0.300000000000000       0.400000000000000       0.500000000000000     
  0.600000000000000       0.700000000000000       0.800000000000000     
  0.900000000000000        1.00000000000000     
   1.26770546893676        1.25389113883487        1.16941362361799     
   1.02560074353528       0.850107843209236       0.674879578114576     
  0.513106032097960       0.363662017171174       0.232777008634715     
  0.135847411317172       2.000000000000000E-002
   1.26770546893676        1.25389113883487        1.16941362361799     
   1.02560074353528       0.850107843209236       0.674879578114576     
  0.513106032097960       0.363662017171174       0.232777008634715     
  0.135847411317172       2.000000000000000E-002
   20072441147294.2        19599686747719.0        18937726779331.6     
   18024824994648.4        17673491205379.3        18005330605879.1     
   17808951192728.5        16888706691468.9        16669524725775.8     
   15651958967901.7        3700369564571.22     
  0.000000000000000E+000  0.000000000000000E+000  0.000000000000000E+000
  0.000000000000000E+000  0.000000000000000E+000  0.000000000000000E+000
  0.000000000000000E+000  0.000000000000000E+000  0.000000000000000E+000
  0.000000000000000E+000  0.000000000000000E+000
   1.50000000000000        1.50000000000000        1.50000000000000     
   1.50000000000000        1.50000000000000        1.50000000000000     
   1.50000000000000        1.50000000000000        1.50000000000000     
   1.50000000000000        1.50000000000000     
  0.000000000000000E+000
  0.000000000000000E+000
  0.000000000000000E+000
  0.000000000000000E+000
  0.000000000000000E+000
  0.000000000000000E+000
  0.000000000000000E+000
  0.000000000000000E+000
  0.000000000000000E+000
  0.000000000000000E+000
  0.000000000000000E+000
  0.000000000000000E+000
  0.000000000000000E+000
  0.000000000000000E+000
  0.000000000000000E+000
  0.000000000000000E+000
