           1
          11
 rho_tor
  0.100000000000000     
  0.000000000000000E+000  0.100000000000000       0.200000000000000     
  0.300000000000000       0.400000000000000       0.500000000000000     
  0.600000000000000       0.700000000000000       0.800000000000000     
  0.900000000000000        1.00000000000000     
   1.72368378567271        1.68775785528139        1.50196706625588     
   1.22843336135851       0.931456498432114       0.641103178432045     
  0.409272775551812       0.251878938311403       0.149657849286688     
  8.241534483104546E-002  2.972916239543062E-002
   1.72368378567271        1.68775785528139        1.50196706625588     
   1.22843336135851       0.931456498432114       0.641103178432045     
  0.409272775551812       0.251878938311403       0.149657849286687     
  8.241534483104546E-002  2.972916239543062E-002
   32253773945318.9        32214861591888.3        32035178285735.6     
   31105990679391.5        29181807455727.2        27280843065576.3     
   27620365090089.4        27538709050248.4        25811018667567.8     
   21391251857287.9        9583434979418.22     
  0.000000000000000E+000  0.000000000000000E+000  0.000000000000000E+000
  0.000000000000000E+000  0.000000000000000E+000  0.000000000000000E+000
  0.000000000000000E+000  0.000000000000000E+000  0.000000000000000E+000
  0.000000000000000E+000  0.000000000000000E+000
   1.50000000000000        1.50000000000000        1.50000000000000     
   1.50000000000000        1.50000000000000        1.50000000000000     
   1.50000000000000        1.50000000000000        1.50000000000000     
   1.50000000000000        1.50000000000000     
  0.000000000000000E+000
  0.000000000000000E+000
  0.000000000000000E+000
  0.000000000000000E+000
  0.000000000000000E+000
  0.000000000000000E+000
  0.000000000000000E+000
  0.000000000000000E+000
  0.000000000000000E+000
  0.000000000000000E+000
  0.000000000000000E+000
  0.000000000000000E+000
  0.000000000000000E+000
  0.000000000000000E+000
  0.000000000000000E+000
  0.000000000000000E+000
