           1
          11
 rho_tor
  0.100000000000000     
  0.000000000000000E+000  0.100000000000000       0.200000000000000     
  0.300000000000000       0.400000000000000       0.500000000000000     
  0.600000000000000       0.700000000000000       0.800000000000000     
  0.900000000000000        1.00000000000000     
   4.24042451452184        3.99955161318543        2.97697461140569     
   1.98404648486902        1.30994796573629       0.802464677236625     
  0.472147572355453       0.279720064050035       0.167027840195965     
  0.102475986786818       5.255549770766679E-002
   4.24042451452183        3.99955161318542        2.97697461140569     
   1.98404648486902        1.30994796573629       0.802464677236625     
  0.472147572355453       0.279720064050035       0.167027840195965     
  0.102475986786818       5.255549770766680E-002
   34618462179310.5        35297489180394.7        36317455391932.6     
   36782275454943.5        35130682359572.8        32824244071055.9     
   34798229591335.0        35813128377173.9        35744321959764.7     
   32164398885995.8        12458455121572.0     
  0.000000000000000E+000  0.000000000000000E+000  0.000000000000000E+000
  0.000000000000000E+000  0.000000000000000E+000  0.000000000000000E+000
  0.000000000000000E+000  0.000000000000000E+000  0.000000000000000E+000
  0.000000000000000E+000  0.000000000000000E+000
   1.50000000000000        1.50000000000000        1.50000000000000     
   1.50000000000000        1.50000000000000        1.50000000000000     
   1.50000000000000        1.50000000000000        1.50000000000000     
   1.50000000000000        1.50000000000000     
  0.000000000000000E+000
  0.000000000000000E+000
  0.000000000000000E+000
  0.000000000000000E+000
  0.000000000000000E+000
  0.000000000000000E+000
  0.000000000000000E+000
  0.000000000000000E+000
  0.000000000000000E+000
  0.000000000000000E+000
  0.000000000000000E+000
  0.000000000000000E+000
  0.000000000000000E+000
  0.000000000000000E+000
  0.000000000000000E+000
  0.000000000000000E+000
