           1
          11
 rho_tor
  0.100000000000000     
  0.000000000000000E+000  0.100000000000000       0.200000000000000     
  0.300000000000000       0.400000000000000       0.500000000000000     
  0.600000000000000       0.700000000000000       0.800000000000000     
  0.900000000000000        1.00000000000000     
   1.55614707042716        1.53488375014312        1.41380871352566     
   1.19623196064347       0.921696714724623       0.642185444355518     
  0.414382827356993       0.255554912382440       0.148288406411088     
  7.653461366799798E-002  2.100022967229243E-002
   1.55614707042716        1.53488375014311        1.41380871352566     
   1.19623196064347       0.921696714724623       0.642185444355518     
  0.414382827356993       0.255554912382440       0.148288406411088     
  7.653461366799798E-002  2.100022967229243E-002
   31897471634033.7        32001720786679.0        32032809558987.6     
   31349088947001.7        29579222977124.3        27935424530890.7     
   28811017775946.3        28849597432463.8        27072393811401.8     
   22929113564839.8        10509320488033.8     
  0.000000000000000E+000  0.000000000000000E+000  0.000000000000000E+000
  0.000000000000000E+000  0.000000000000000E+000  0.000000000000000E+000
  0.000000000000000E+000  0.000000000000000E+000  0.000000000000000E+000
  0.000000000000000E+000  0.000000000000000E+000
   1.50000000000000        1.50000000000000        1.50000000000000     
   1.50000000000000        1.50000000000000        1.50000000000000     
   1.50000000000000        1.50000000000000        1.50000000000000     
   1.50000000000000        1.50000000000000     
  0.000000000000000E+000
  0.000000000000000E+000
  0.000000000000000E+000
  0.000000000000000E+000
  0.000000000000000E+000
  0.000000000000000E+000
  0.000000000000000E+000
  0.000000000000000E+000
  0.000000000000000E+000
  0.000000000000000E+000
  0.000000000000000E+000
  0.000000000000000E+000
  0.000000000000000E+000
  0.000000000000000E+000
  0.000000000000000E+000
  0.000000000000000E+000
