           1
          11
 rho_tor
  0.100000000000000     
  0.000000000000000E+000  0.100000000000000       0.200000000000000     
  0.300000000000000       0.400000000000000       0.500000000000000     
  0.600000000000000       0.700000000000000       0.800000000000000     
  0.900000000000000        1.00000000000000     
   2.10283617436094        2.03908177947050        1.70449069706007     
   1.28005182771743       0.906213030410825       0.572004971691685     
  0.332028839590023       0.191575490365949       0.109913519473304     
  6.146123893697813E-002  2.000000000000000E-002
   2.10283617436094        2.03908177947050        1.70449069706007     
   1.28005182771743       0.906213030410825       0.572004971691685     
  0.332028839590023       0.191575490365949       0.109913519473304     
  6.146123893697813E-002  2.000000000000000E-002
   39010426060231.2        39929661466341.3        41270152092865.9     
   42014660502230.9        40333609823231.1        37587052855721.0     
   38606833522449.9        39466591207952.8        39202721024466.3     
   33386705692512.2        11552538083356.8     
  0.000000000000000E+000  0.000000000000000E+000  0.000000000000000E+000
  0.000000000000000E+000  0.000000000000000E+000  0.000000000000000E+000
  0.000000000000000E+000  0.000000000000000E+000  0.000000000000000E+000
  0.000000000000000E+000  0.000000000000000E+000
   1.50000000000000        1.50000000000000        1.50000000000000     
   1.50000000000000        1.50000000000000        1.50000000000000     
   1.50000000000000        1.50000000000000        1.50000000000000     
   1.50000000000000        1.50000000000000     
  0.000000000000000E+000
  0.000000000000000E+000
  0.000000000000000E+000
  0.000000000000000E+000
  0.000000000000000E+000
  0.000000000000000E+000
  0.000000000000000E+000
  0.000000000000000E+000
  0.000000000000000E+000
  0.000000000000000E+000
  0.000000000000000E+000
  0.000000000000000E+000
  0.000000000000000E+000
  0.000000000000000E+000
  0.000000000000000E+000
  0.000000000000000E+000
