           1
          11
 rho_tor
  0.100000000000000     
  0.000000000000000E+000  0.100000000000000       0.200000000000000     
  0.300000000000000       0.400000000000000       0.500000000000000     
  0.600000000000000       0.700000000000000       0.800000000000000     
  0.900000000000000        1.00000000000000     
   2.76561700284041        2.64749546038937        2.10314479082236     
   1.50439015080368        1.03375984810207       0.640286801132694     
  0.367510315229376       0.211192176275462       0.121963183429744     
  7.066575568087920E-002  3.213791557906576E-002
   2.76561700284041        2.64749546038937        2.10314479082236     
   1.50439015080368        1.03375984810207       0.640286801132694     
  0.367510315229376       0.211192176275462       0.121963183429744     
  7.066575568087920E-002  3.213791557906576E-002
   38661114167699.1        39353847239026.4        40304455344811.9     
   40643886864521.9        39038126403722.2        36824910494883.1     
   38354319039145.9        39739241866038.8        39864662632183.3     
   35817211598153.4        14663978858746.5     
  0.000000000000000E+000  0.000000000000000E+000  0.000000000000000E+000
  0.000000000000000E+000  0.000000000000000E+000  0.000000000000000E+000
  0.000000000000000E+000  0.000000000000000E+000  0.000000000000000E+000
  0.000000000000000E+000  0.000000000000000E+000
   1.50000000000000        1.50000000000000        1.50000000000000     
   1.50000000000000        1.50000000000000        1.50000000000000     
   1.50000000000000        1.50000000000000        1.50000000000000     
   1.50000000000000        1.50000000000000     
  0.000000000000000E+000
  0.000000000000000E+000
  0.000000000000000E+000
  0.000000000000000E+000
  0.000000000000000E+000
  0.000000000000000E+000
  0.000000000000000E+000
  0.000000000000000E+000
  0.000000000000000E+000
  0.000000000000000E+000
  0.000000000000000E+000
  0.000000000000000E+000
  0.000000000000000E+000
  0.000000000000000E+000
   894761.708559845     
  0.000000000000000E+000
