           1
          11
 rho_tor
  0.100000000000000     
  0.000000000000000E+000  0.100000000000000       0.200000000000000     
  0.300000000000000       0.400000000000000       0.500000000000000     
  0.600000000000000       0.700000000000000       0.800000000000000     
  0.900000000000000        1.00000000000000     
   2.71769081001038        2.59456715975128        2.05032198582991     
   1.47434627574942        1.02969125634032       0.666980294739899     
  0.411619153536314       0.249973527903901       0.148754055270895     
  8.473269348052680E-002  3.071749528981172E-002
   2.71769081001038        2.59456715975128        2.05032198582991     
   1.47434627574942        1.02969125634032       0.666980294739899     
  0.411619153536314       0.249973527903901       0.148754055270895     
  8.473269348052680E-002  3.071749528981173E-002
   32568707855706.1        32478810555084.9        32237987551021.3     
   31301605509423.2        29552437668056.5        28197177096228.3     
   29415693147588.0        29581308300633.2        28494833115052.8     
   23989083780325.4        9078501911435.83     
  0.000000000000000E+000  0.000000000000000E+000  0.000000000000000E+000
  0.000000000000000E+000  0.000000000000000E+000  0.000000000000000E+000
  0.000000000000000E+000  0.000000000000000E+000  0.000000000000000E+000
  0.000000000000000E+000  0.000000000000000E+000
   1.50000000000000        1.50000000000000        1.50000000000000     
   1.50000000000000        1.50000000000000        1.50000000000000     
   1.50000000000000        1.50000000000000        1.50000000000000     
   1.50000000000000        1.50000000000000     
  0.000000000000000E+000
  0.000000000000000E+000
  0.000000000000000E+000
  0.000000000000000E+000
  0.000000000000000E+000
  0.000000000000000E+000
  0.000000000000000E+000
  0.000000000000000E+000
  0.000000000000000E+000
  0.000000000000000E+000
  0.000000000000000E+000
  0.000000000000000E+000
  0.000000000000000E+000
  0.000000000000000E+000
  0.000000000000000E+000
  0.000000000000000E+000
