           1
          11
 rho_tor
  0.100000000000000     
  0.000000000000000E+000  0.100000000000000       0.200000000000000     
  0.300000000000000       0.400000000000000       0.500000000000000     
  0.600000000000000       0.700000000000000       0.800000000000000     
  0.900000000000000        1.00000000000000     
   2.14478209097030        2.11488479807272        1.94336786187091     
   1.67171055460452        1.35861003732743        1.02824048496764     
  0.735447044629056       0.496288790195117       0.305344949243581     
  0.163046347668950       2.000000000000000E-002
   2.14478209097029        2.11488479807271        1.94336786187091     
   1.67171055460452        1.35861003732743        1.02824048496764     
  0.735447044629056       0.496288790195117       0.305344949243581     
  0.163046347668950       2.000000000000000E-002
   69461903821289.4        68500319905375.3        67062729828229.4     
   63844692547099.7        59618198812005.0        55236735936260.3     
   52304503186621.4        50893963020049.8        49634008174015.6     
   43073725268443.8        14513203134401.5     
  0.000000000000000E+000  0.000000000000000E+000  0.000000000000000E+000
  0.000000000000000E+000  0.000000000000000E+000  0.000000000000000E+000
  0.000000000000000E+000  0.000000000000000E+000  0.000000000000000E+000
  0.000000000000000E+000  0.000000000000000E+000
   1.50000000000000        1.50000000000000        1.50000000000000     
   1.50000000000000        1.50000000000000        1.50000000000000     
   1.50000000000000        1.50000000000000        1.50000000000000     
   1.50000000000000        1.50000000000000     
  0.000000000000000E+000
  0.000000000000000E+000
   1072336.46564891     
   1032390.00000000     
  0.000000000000000E+000
   1263609.41230913     
  0.000000000000000E+000
  0.000000000000000E+000
   1707925.13463742     
   1582569.53711829     
   1784818.23683196     
   1810525.32824429     
  0.000000000000000E+000
  0.000000000000000E+000
   1472085.53711815     
  0.000000000000000E+000
