           1
          11
 rho_tor
  0.100000000000000     
  0.000000000000000E+000  0.100000000000000       0.200000000000000     
  0.300000000000000       0.400000000000000       0.500000000000000     
  0.600000000000000       0.700000000000000       0.800000000000000     
  0.900000000000000        1.00000000000000     
   3.55675956358942        3.35792959870392        2.53182153763831     
   1.72582941248981        1.16464044089234       0.743733056024800     
  0.457191285485695       0.277296795811156       0.165377425907866     
  9.296271201002586E-002  4.104014303717241E-002
   3.55675956358942        3.35792959870392        2.53182153763831     
   1.72582941248981        1.16464044089234       0.743733056024800     
  0.457191285485695       0.277296795811156       0.165377425907866     
  9.296271201002586E-002  4.104014303717241E-002
   33302351644722.3        33387346811496.6        33421820357574.6     
   32785318257223.7        30954742176280.4        28787670308455.9     
   28496599199083.8        28287979999584.4        26422315887576.3     
   21745514824550.4        10642307350207.2     
  0.000000000000000E+000  0.000000000000000E+000  0.000000000000000E+000
  0.000000000000000E+000  0.000000000000000E+000  0.000000000000000E+000
  0.000000000000000E+000  0.000000000000000E+000  0.000000000000000E+000
  0.000000000000000E+000  0.000000000000000E+000
   1.50000000000000        1.50000000000000        1.50000000000000     
   1.50000000000000        1.50000000000000        1.50000000000000     
   1.50000000000000        1.50000000000000        1.50000000000000     
   1.50000000000000        1.50000000000000     
  0.000000000000000E+000
  0.000000000000000E+000
  0.000000000000000E+000
  0.000000000000000E+000
  0.000000000000000E+000
  0.000000000000000E+000
  0.000000000000000E+000
  0.000000000000000E+000
  0.000000000000000E+000
  0.000000000000000E+000
  0.000000000000000E+000
  0.000000000000000E+000
  0.000000000000000E+000
  0.000000000000000E+000
  0.000000000000000E+000
  0.000000000000000E+000
