           1
          11
 rho_tor
  0.100000000000000     
  0.000000000000000E+000  0.100000000000000       0.200000000000000     
  0.300000000000000       0.400000000000000       0.500000000000000     
  0.600000000000000       0.700000000000000       0.800000000000000     
  0.900000000000000        1.00000000000000     
   1.94116844789394        1.90219223196570        1.69248312641574     
   1.39551040788148        1.09328274733386       0.795602870029099     
  0.550743091982824       0.362854419787803       0.216403336239450     
  0.112881552726125       2.086178576900072E-002
   1.94116844789394        1.90219223196570        1.69248312641574     
   1.39551040788148        1.09328274733386       0.795602870029099     
  0.550743091982824       0.362854419787803       0.216403336239450     
  0.112881552726125       2.086178576900073E-002
   61812393802806.4        61323896348722.4        60521791867583.9     
   58912668019605.2        56899175614714.8        54841135746382.2     
   53868544923691.6        52003421682521.7        51218363030438.0     
   47326061921488.5        17545608961055.5     
  0.000000000000000E+000  0.000000000000000E+000  0.000000000000000E+000
  0.000000000000000E+000  0.000000000000000E+000  0.000000000000000E+000
  0.000000000000000E+000  0.000000000000000E+000  0.000000000000000E+000
  0.000000000000000E+000  0.000000000000000E+000
   1.50000000000000        1.50000000000000        1.50000000000000     
   1.50000000000000        1.50000000000000        1.50000000000000     
   1.50000000000000        1.50000000000000        1.50000000000000     
   1.50000000000000        1.50000000000000     
  0.000000000000000E+000
  0.000000000000000E+000
  0.000000000000000E+000
  0.000000000000000E+000
  0.000000000000000E+000
   1273860.00000000     
   1330739.87500000     
  0.000000000000000E+000
   1726380.00000000     
   1588770.00000000     
  0.000000000000000E+000
  0.000000000000000E+000
  0.000000000000000E+000
  0.000000000000000E+000
   1492560.00000000     
  0.000000000000000E+000
