           1
          11
 rho_tor
  0.100000000000000     
  0.000000000000000E+000  0.100000000000000       0.200000000000000     
  0.300000000000000       0.400000000000000       0.500000000000000     
  0.600000000000000       0.700000000000000       0.800000000000000     
  0.900000000000000        1.00000000000000     
   1.55814437373725        1.53631566085464        1.41760292555887     
   1.20549031750978       0.932376711671505       0.652600954557269     
  0.424663630330814       0.264522570801656       0.154149989014446     
  7.932031479144418E-002  2.000000000000000E-002
   1.55814437373725        1.53631566085464        1.41760292555887     
   1.20549031750978       0.932376711671505       0.652600954557269     
  0.424663630330814       0.264522570801656       0.154149989014446     
  7.932031479144418E-002  2.000000000000000E-002
   31827425808149.7        31851269101164.5        31769640986102.9     
   30990690607742.7        29264582053579.6        27720283204630.5     
   28673088015367.4        28689499026141.0        26894537943629.6     
   23014500218226.7        10624067324122.5     
  0.000000000000000E+000  0.000000000000000E+000  0.000000000000000E+000
  0.000000000000000E+000  0.000000000000000E+000  0.000000000000000E+000
  0.000000000000000E+000  0.000000000000000E+000  0.000000000000000E+000
  0.000000000000000E+000  0.000000000000000E+000
   1.50000000000000        1.50000000000000        1.50000000000000     
   1.50000000000000        1.50000000000000        1.50000000000000     
   1.50000000000000        1.50000000000000        1.50000000000000     
   1.50000000000000        1.50000000000000     
  0.000000000000000E+000
  0.000000000000000E+000
  0.000000000000000E+000
  0.000000000000000E+000
  0.000000000000000E+000
  0.000000000000000E+000
  0.000000000000000E+000
  0.000000000000000E+000
  0.000000000000000E+000
  0.000000000000000E+000
  0.000000000000000E+000
  0.000000000000000E+000
  0.000000000000000E+000
  0.000000000000000E+000
  0.000000000000000E+000
  0.000000000000000E+000
