           1
          11
 rho_tor
  0.100000000000000     
  0.000000000000000E+000  0.100000000000000       0.200000000000000     
  0.300000000000000       0.400000000000000       0.500000000000000     
  0.600000000000000       0.700000000000000       0.800000000000000     
  0.900000000000000        1.00000000000000     
   1.97599073122569        1.93747844049516        1.74452910581071     
   1.46962246957288        1.17196197233962       0.865357596974952     
  0.606472484297997       0.405899017133249       0.248887721770536     
  0.137517861001326       3.377018166234205E-002
   1.97599073122569        1.93747844049516        1.74452910581071     
   1.46962246957288        1.17196197233962       0.865357596974952     
  0.606472484297997       0.405899017133249       0.248887721770536     
  0.137517861001326       3.377018166234206E-002
   64320691608253.2        63273593298210.3        61608989258123.2     
   58374886297699.7        54593620157953.9        51050753015107.0     
   49612593561294.8        47884481915642.0        46406282013423.6     
   42065896489390.6        13818907690428.6     
  0.000000000000000E+000  0.000000000000000E+000  0.000000000000000E+000
  0.000000000000000E+000  0.000000000000000E+000  0.000000000000000E+000
  0.000000000000000E+000  0.000000000000000E+000  0.000000000000000E+000
  0.000000000000000E+000  0.000000000000000E+000
   1.50000000000000        1.50000000000000        1.50000000000000     
   1.50000000000000        1.50000000000000        1.50000000000000     
   1.50000000000000        1.50000000000000        1.50000000000000     
   1.50000000000000        1.50000000000000     
  0.000000000000000E+000
  0.000000000000000E+000
  0.000000000000000E+000
  0.000000000000000E+000
  0.000000000000000E+000
   1269806.71479009     
   1328758.41984733     
  0.000000000000000E+000
   1722216.50381688     
   1586696.96469467     
  0.000000000000000E+000
  0.000000000000000E+000
  0.000000000000000E+000
  0.000000000000000E+000
   1486378.36154570     
  0.000000000000000E+000
