           1
          11
 rho_tor
  0.100000000000000     
  0.000000000000000E+000  0.100000000000000       0.200000000000000     
  0.300000000000000       0.400000000000000       0.500000000000000     
  0.600000000000000       0.700000000000000       0.800000000000000     
  0.900000000000000        1.00000000000000     
   4.00913225741062        3.78241296160454        2.82226779509512     
   1.89098352363338        1.25626185242557       0.770969490257699     
  0.448364600270412       0.258087942052677       0.144731298609501     
  7.652733894240282E-002  2.000000000000000E-002
   4.00913225741062        3.78241296160454        2.82226779509512     
   1.89098352363339        1.25626185242557       0.770969490257699     
  0.448364600270412       0.258087942052677       0.144731298609501     
  7.652733894240282E-002  2.000000000000000E-002
   35818177369581.8        36685830415069.4        37948784092233.8     
   38623188849636.2        36977860303851.1        34366348181168.7     
   35360277106610.4        35710109480973.1        34834462562467.2     
   29880513838126.7        10959867923733.5     
  0.000000000000000E+000  0.000000000000000E+000  0.000000000000000E+000
  0.000000000000000E+000  0.000000000000000E+000  0.000000000000000E+000
  0.000000000000000E+000  0.000000000000000E+000  0.000000000000000E+000
  0.000000000000000E+000  0.000000000000000E+000
   1.50000000000000        1.50000000000000        1.50000000000000     
   1.50000000000000        1.50000000000000        1.50000000000000     
   1.50000000000000        1.50000000000000        1.50000000000000     
   1.50000000000000        1.50000000000000     
  0.000000000000000E+000
  0.000000000000000E+000
  0.000000000000000E+000
  0.000000000000000E+000
  0.000000000000000E+000
  0.000000000000000E+000
  0.000000000000000E+000
  0.000000000000000E+000
  0.000000000000000E+000
  0.000000000000000E+000
  0.000000000000000E+000
  0.000000000000000E+000
  0.000000000000000E+000
  0.000000000000000E+000
  0.000000000000000E+000
  0.000000000000000E+000
