           1
          11
 rho_tor
  0.100000000000000     
  0.000000000000000E+000  0.100000000000000       0.200000000000000     
  0.300000000000000       0.400000000000000       0.500000000000000     
  0.600000000000000       0.700000000000000       0.800000000000000     
  0.900000000000000        1.00000000000000     
   2.31068325049793        2.25644243405417        1.95999631453446     
   1.55837040324071        1.17701552621078       0.818491164627116     
  0.536889389235861       0.339923362026507       0.205584765639913     
  0.112675368144306       3.789263178185654E-002
   2.31068325049793        2.25644243405417        1.95999631453446     
   1.55837040324071        1.17701552621078       0.818491164627116     
  0.536889389235861       0.339923362026507       0.205584765639913     
  0.112675368144306       3.789263178185655E-002
   40664334060453.1        40616364940884.6        40351840335274.8     
   39349070928463.1        37671692895690.5        36071009686843.6     
   35707961295476.6        35844564825058.3        35126217051557.0     
   29483877255641.5        13820492133857.8     
  0.000000000000000E+000  0.000000000000000E+000  0.000000000000000E+000
  0.000000000000000E+000  0.000000000000000E+000  0.000000000000000E+000
  0.000000000000000E+000  0.000000000000000E+000  0.000000000000000E+000
  0.000000000000000E+000  0.000000000000000E+000
   1.50000000000000        1.50000000000000        1.50000000000000     
   1.50000000000000        1.50000000000000        1.50000000000000     
   1.50000000000000        1.50000000000000        1.50000000000000     
   1.50000000000000        1.50000000000000     
  0.000000000000000E+000
  0.000000000000000E+000
  0.000000000000000E+000
  0.000000000000000E+000
  0.000000000000000E+000
   1265682.45627378     
   1332809.87500000     
  0.000000000000000E+000
  0.000000000000000E+000
  0.000000000000000E+000
  0.000000000000000E+000
  0.000000000000000E+000
  0.000000000000000E+000
  0.000000000000000E+000
   1498692.45627378     
  0.000000000000000E+000
