           1
          11
 rho_tor
  0.100000000000000     
  0.000000000000000E+000  0.100000000000000       0.200000000000000     
  0.300000000000000       0.400000000000000       0.500000000000000     
  0.600000000000000       0.700000000000000       0.800000000000000     
  0.900000000000000        1.00000000000000     
   2.30921245925671        2.25358179536874        1.95606644504572     
   1.55822715661463        1.18136115521044       0.824264998184953     
  0.541787060667209       0.345957090562315       0.214723240175750     
  0.123082934669919       5.127156230175413E-002
   2.30921245925671        2.25358179536874        1.95606644504572     
   1.55822715661463        1.18136115521044       0.824264998184953     
  0.541787060667209       0.345957090562315       0.214723240175750     
  0.123082934669919       5.127156230175414E-002
   40599327590221.5        40609500676861.6        40468298831128.9     
   39565130332676.1        37649082615516.8        35492445445857.6     
   35063481637194.5        35804057924224.7        34962197554385.0     
   28665075355921.5        14704294554401.1     
  0.000000000000000E+000  0.000000000000000E+000  0.000000000000000E+000
  0.000000000000000E+000  0.000000000000000E+000  0.000000000000000E+000
  0.000000000000000E+000  0.000000000000000E+000  0.000000000000000E+000
  0.000000000000000E+000  0.000000000000000E+000
   1.50000000000000        1.50000000000000        1.50000000000000     
   1.50000000000000        1.50000000000000        1.50000000000000     
   1.50000000000000        1.50000000000000        1.50000000000000     
   1.50000000000000        1.50000000000000     
  0.000000000000000E+000
  0.000000000000000E+000
  0.000000000000000E+000
  0.000000000000000E+000
  0.000000000000000E+000
   1271810.46078237     
   1336874.08387399     
  0.000000000000000E+000
  0.000000000000000E+000
  0.000000000000000E+000
  0.000000000000000E+000
  0.000000000000000E+000
  0.000000000000000E+000
  0.000000000000000E+000
   1496657.06116395     
  0.000000000000000E+000
